UZNT13 KWBC 091338
XXAA  59121 99212 70948 08214 99004 29445 02019 00038 29043 02526
92728 23016 04531 85462 18612 04535 70110 11650 03538 50585 03926
03542 40758 13540 05042 30972 27369 03030 25100 38163 04524 20249
50540 07527 15429 68162 09022 10664 791// 05527 88999 77999
31313 09608 81142
61616 NA872 WX07A FRANKLIN     OB 28
62626 MBL WND 03028 AEV 33429 DLM WND 04534 003750 WL150 03027 08
2 REL 2119N09481W 114220 SPG 2108N09493W 120000 =
XXBB  59128 99212 70948 08214 00004 29445 11893 20403 22850 18612
33756 12805 44730 13656 55617 06036 66514 02320 77505 03141 88492
04909 99476 04750 11413 12529 22399 13541 33386 14561 44366 17563
55354 19557 66346 20760 77337 21956 88320 23958 99298 27571 11250
38163 22235 42148 33201 50339 44137 73165 55126 73387 66114 77186
77110 785// 88104 805//
21212 00004 02019 11996 02528 22941 04028 33910 05034 44886 04036
55876 04033 66850 04535 77639 02545 88551 04545 99505 03542 11433
04546 22325 04537 33283 02029 44264 02027 55251 04524 66228 03519
77203 07525 88178 08027 99148 09021 11143 10517 22136 08511 33133
10514 44128 07518 55110 09519 66103 09522
31313 09608 81142
61616 NA872 WX07A FRANKLIN     OB 28
62626 MBL WND 03028 AEV 33429 DLM WND 04534 003750 WL150 03027 08
2 REL 2119N09481W 114220 SPG 2108N09493W 120000 =
XXCC  5912/ 99212 70948 08214 88999 77999
31313 09608 81142
51515 10190 70870
61616 NA872 WX07A FRANKLIN     OB 28
62626 MBL WND 03028 AEV 33429 DLM WND 04534 003750 WL150 03027 08
2 REL 2119N09481W 114220 SPG 2108N09493W 120000 =
XXDD  5912/ 99212 70948 08214 11970 791// 22936 763// 33750 763//
21212 11999 05527 22970 05034 33935 08530 44901 09524 55838 06535
66816 08536 77798 11551 88750 09544
31313 09608 81142
51515 10190 70870
61616 NA872 WX07A FRANKLIN     OB 28
62626 MBL WND 03028 AEV 33429 DLM WND 04534 003750 WL150 03027 08
2 REL 2119N09481W 114220 SPG 2108N09493W 120000 =
