UZNT13 KBIX 230257
XXAA  53192 99377 70720 11672 99962 24801 14549 00840 ///// /////
92348 23600 16058 85089 21801 16043 70764 15203 19048 50557 03030
21549 40735 06512 21554 30955 19326 23546 25088 28934 24047 20244
411// 23539 88999 77363 22070 41820
31313 09608 81859
51515 10190 15434
61616 AF100 WXWXA TRAIN        OB 99
62626 MBL WND 15554 AEV 33435 DLM WND 20044 962171 WL150 14552 08
1 REL 3769N07202W 185926 SPG 3786N07191W 191514 =
XXBB  53198 99377 70720 11672 00962 24801 11850 21801 22695 15002
33604 11841 44395 06912 55317 16524 66271 24530 77231 32935 88206
39346 99171 48958
21212 00962 14549 11929 16059 22888 16042 33850 16043 44677 19550
55620 19058 66585 19546 77425 22049 88363 22070 99328 22550 11261
24548 22189 23539 33171 25533
31313 09608 81859
51515 10190 15434
61616 AF100 WXWXA TRAIN        OB 99
62626 MBL WND 15554 AEV 33435 DLM WND 20044 962171 WL150 14552 08
1 REL 3769N07202W 185926 SPG 3786N07191W 191514 =
