UZNT13 KWBC 241219
XXAA  74101 99246 70928 08242 99004 26824 08030 00033 26423 08035
92718 22215 08540 85453 19640 09537 70101 09640 10533 50583 03506
10034 40757 12717 11529 30970 26730 11526 25099 37135 13025 20249
50540 12525 15430 67362 16025 10665 761// 03519 88120 779// 17033
77999
31313 09608 80941
61616 NA872 WX09A HARVEY       OB 71
62626 MBL WND 07536 AEV 33431 DLM WND 10529 003629 WL150 07534 08
4 REL 2456N09280W 094116 SPG 2460N09294W 095831 =
XXBB  74108 99246 70928 08242 00004 26824 11958 23411 22850 19640
33735 12856 44596 02402 55519 02104 66424 10114 77354 18323 88295
27531 99243 38936 11178 57756 22134 74165 33122 779// 44110 771//
21212 00004 08030 11000 08035 22986 07035 33948 08040 44869 09540
55850 09537 66678 10534 77620 12530 88560 08036 99515 10533 11445
10027 22406 12029 33291 11523 44185 13522 55122 17035 66113 21014
77112 22010 88110 33504 99109 01011 11104 06015 22100 03518
31313 09608 80941
61616 NA872 WX09A HARVEY       OB 71
62626 MBL WND 07536 AEV 33431 DLM WND 10529 003629 WL150 07534 08
4 REL 2456N09280W 094116 SPG 2460N09294W 095831 =
XXCC  74107 99246 70928 08242 70878 703// 09014 88999 77999
31313 09608 80941
51515 10190 50073
61616 NA872 WX09A HARVEY       OB 71
62626 MBL WND 07536 AEV 33431 DLM WND 10529 003629 WL150 07534 08
4 REL 2456N09280W 094116 SPG 2460N09294W 095831 =
XXDD  7410/ 99246 70928 08242 11920 765// 22853 741// 33800 695//
44629 707//
21212 11892 04027 22841 05518 33785 09525 44709 08511 55690 10522
66672 12053 77629 11034
31313 09608 80941
51515 10190 50073
61616 NA872 WX09A HARVEY       OB 71
62626 MBL WND 07536 AEV 33431 DLM WND 10529 003629 WL150 07534 08
4 REL 2456N09280W 094116 SPG 2460N09294W 095831 =
NNNN
