UZNT13 KWBC 240544
XXAA  74051 99243 70925 08242 99008 27426 07527 00068 26821 06528
92754 21406 09037 85485 18439 08533 70130 09605 09034 50586 03306
13514 40760 12516 15516 30974 27529 14516 25102 37735 14533 20252
50748 14027 15432 66762 17044 10667 757// 08512 88115 79585 17012
77999
31313 09608 80507
61616 NA872 WX09A HARVEY       OB 49
62626 MBL WND 07530 AEV 33429 DLM WND 11023 007684 WL150 07029 08
2 REL 2432N09249W 050710 SPG 2436N09259W 052450 =
XXBB  74058 99243 70925 08242 00008 27426 11918 20803 22850 18439
33754 13450 44696 09204 55674 08617 66602 02202 77519 01704 88391
13518 99293 28329 11263 34331 22198 51150 33115 79585 44110 78586
55106 76786
21212 00008 07527 11986 07029 22953 08532 33931 08539 44923 09037
55908 09544 66880 09036 77850 08533 88754 07535 99725 08539 11694
09534 22674 07529 33657 09022 44626 09526 55586 13528 66502 13014
77491 16015 88483 14513 99364 15516 11328 14013 22306 15516 33292
13524 44255 14534 55211 13526 66189 14527 77163 14541 88153 16046
99136 19032 11126 17530 22114 17010 33110 15001 44107 05010 55105
06518 66102 08514
31313 09608 80507
61616 NA872 WX09A HARVEY       OB 49
62626 MBL WND 07530 AEV 33429 DLM WND 11023 007684 WL150 07029 08
2 REL 2432N09249W 050710 SPG 2436N09259W 052450 =
XXCC  74057 99243 70925 08242 70877 711// 09038 88999 77999
31313 09608 80507
51515 10190 50075
61616 NA872 WX09A HARVEY       OB 49
62626 MBL WND 07530 AEV 33429 DLM WND 11023 007684 WL150 07029 08
2 REL 2432N09249W 050710 SPG 2436N09259W 052450 =
XXDD  7405/ 99243 70925 08242 11684 709//
21212 11987 08011 22904 02020 33868 03023 44866 05020 55853 06020
66822 05028 77780 06527 88733 08554 99684 09030
31313 09608 80507
51515 10190 50075
61616 NA872 WX09A HARVEY       OB 49
62626 MBL WND 07530 AEV 33429 DLM WND 11023 007684 WL150 07029 08
2 REL 2432N09249W 050710 SPG 2436N09259W 052450 =
NNNN
