UZNT13 KWBC 241235
XXAA  74101 99256 70942 08254 99006 29256 06517 00057 28856 08018
92747 23247 07524 85480 18849 08024 70122 09624 07020 50584 05140
04518 40757 14166 09012 30969 29156 15001 25097 37945 16029 20247
50945 16533 15427 67161 18030 10663 751// 02023 88120 761// 18510
77999
31313 09608 80958
61616 NA872 WX09A HARVEY       OB 73
62626 MBL WND 07518 AEV 33431 DLM WND 09014 006630 WL150 08018 08
0 REL 2563N09418W 095800 SPG 2564N09426W 101634 =
XXBB  74108 99256 70942 08254 00006 29256 11937 23422 22925 23247
33850 18849 44711 10636 55634 03802 66625 04222 77582 00812 88538
00940 99477 06930 11459 08163 22440 09958 33423 11369 44400 14166
55374 16777 66343 21573 77326 23963 88272 33923 99234 41758 11193
53140 22130 73565 33123 759// 44110 763//
21212 00006 06517 11999 08018 22942 07022 33869 08528 44850 08024
55667 05519 66646 06521 77599 04521 88574 05523 99562 04019 11541
06519 22512 05522 33494 04520 44474 07010 55458 05010 66397 09011
77387 06510 88369 05010 99346 08012 11336 07010 22300 15001 33280
17513 44263 15526 55243 15534 66163 17039 77135 19024 88125 22012
99119 18512 11117 19510 22115 26005 33113 32510 44110 34019 55105
03012
31313 09608 80958
61616 NA872 WX09A HARVEY       OB 73
62626 MBL WND 07518 AEV 33431 DLM WND 09014 006630 WL150 08018 08
0 REL 2563N09418W 095800 SPG 2564N09426W 101634 =
XXCC  74107 99256 70942 08254 70876 713// 09526 88999 77999
31313 09608 80958
51515 10190 50071
61616 NA872 WX09A HARVEY       OB 73
62626 MBL WND 07518 AEV 33431 DLM WND 09014 006630 WL150 08018 08
0 REL 2563N09418W 095800 SPG 2564N09426W 101634 =
XXDD  7410/ 99256 70942 08254 11996 751// 22928 765// 33867 739//
44630 701//
21212 11986 02524 22932 06014 33913 04010 44895 03015 55843 08018
66799 05518 77764 08025 88723 07526 99696 10027 11672 12044 22630
11033
31313 09608 80958
51515 10190 50071
61616 NA872 WX09A HARVEY       OB 73
62626 MBL WND 07518 AEV 33431 DLM WND 09014 006630 WL150 08018 08
0 REL 2563N09418W 095800 SPG 2564N09426W 101634 =
NNNN
