UZNT13 KWBC 241150
XXAA  74091 99237 70917 08231 99002 26615 12540 00020 26414 13040
92706 22826 15048 85441 19032 15548 70088 09405 15044 50581 03706
17529 40755 12317 17521 30969 26931 19025 25098 37136 18027 20248
50350 14525 15428 67563 11508 10664 735// 07521 88122 795// 08007
77999
31313 09608 80927
61616 NA872 WX09A HARVEY       OB 69
62626 MBL WND 14045 AEV 33431 DLM WND 15531 002618 WL150 13542 08
0 REL 2370N09170W 092748 SPG 2383N09176W 094525 =
XXBB  74098 99237 70917 08231 00002 26615 11850 19032 22758 13825
33620 03200 44503 03305 55387 13918 66316 23928 77248 37536 88196
51550 99137 72565 11120 801// 22118 795// 33115 753// 44110 731//
21212 00002 12540 11953 14550 22891 15049 33863 15045 44850 15548
55627 15039 66468 19025 77389 17520 88320 17524 99291 19526 11233
17032 22219 15519 33202 14031 44196 17515 55192 21513 66190 20511
77183 14512 88173 10510 99167 10012 11163 11513 22158 08510 33136
05010 44132 06013 55129 03011 66125 07011 77120 08005 88116 01014
99110 06022 11106 05519 22101 08021
31313 09608 80927
61616 NA872 WX09A HARVEY       OB 69
62626 MBL WND 14045 AEV 33431 DLM WND 15531 002618 WL150 13542 08
0 REL 2370N09170W 092748 SPG 2383N09176W 094525 =
XXCC  74097 99237 70917 08231 70878 711// 10519 88999 77999
31313 09608 80927
51515 10190 50073
61616 NA872 WX09A HARVEY       OB 69
62626 MBL WND 14045 AEV 33431 DLM WND 15531 002618 WL150 13542 08
0 REL 2370N09170W 092748 SPG 2383N09176W 094525 =
XXDD  7409/ 99237 70917 08231 11943 729// 22892 743// 33819 719//
44618 707//
21212 11927 05024 22841 09022 33795 06024 44776 08527 55695 11019
66660 12553 77618 10531
31313 09608 80927
51515 10190 50073
61616 NA872 WX09A HARVEY       OB 69
62626 MBL WND 14045 AEV 33431 DLM WND 15531 002618 WL150 13542 08
0 REL 2370N09170W 092748 SPG 2383N09176W 094525 =
NNNN
