UZNT13 KWBC 240802
XXAA  74071 99246 70927 08242 99007 25801 07525 00061 25007 08034
92744 21827 08039 85475 17213 09040 70117 09007 07030 50584 03506
09014 40758 12517 14521 30972 26731 14030 25101 37139 14033 20251
50943 13529 15431 67961 14529 10666 743// 05512 88120 773// 17025
77999
31313 09608 80727
61616 NA872 WX09A HARVEY       OB 55
62626 MBL WND 08537 AEV 33431 DLM WND 10526 006651 WL150 08033 08
2 REL 2459N09271W 072749 SPG 2463N09284W 074549 =
XXBB  74078 99246 70927 08242 00007 25801 11891 20037 22850 17213
33761 13819 44611 02202 55504 03105 66363 16722 77308 25130 88237
40141 99175 58756 11133 74765 22126 777// 33121 773// 44115 791//
55110 749//
21212 00007 07525 11002 08033 22975 09040 33935 08036 44919 08541
55850 09040 66809 10541 77752 07533 88639 07530 99595 06521 11565
07023 22547 09522 33518 08513 44511 09511 55496 09514 66472 13018
77418 13022 88400 14521 99334 13032 11231 14039 22158 14023 33125
14035 44115 19015 55113 20510 66111 25501 77110 07509 88107 08514
31313 09608 80727
61616 NA872 WX09A HARVEY       OB 55
62626 MBL WND 08537 AEV 33431 DLM WND 10526 006651 WL150 08033 08
2 REL 2459N09271W 072749 SPG 2463N09284W 074549 =
XXCC  74077 99246 70927 08242 70879 707// 11040 88999 77999
31313 09608 80727
51515 10190 50075
61616 NA872 WX09A HARVEY       OB 55
62626 MBL WND 08537 AEV 33431 DLM WND 10526 006651 WL150 08033 08
2 REL 2459N09271W 072749 SPG 2463N09284W 074549 =
XXDD  7407/ 99246 70927 08242 11947 745// 22901 729// 33850 739//
44651 697//
21212 11957 03018 22858 05523 33831 07516 44697 11041 55651 11023
31313 09608 80727
51515 10190 50075
61616 NA872 WX09A HARVEY       OB 55
62626 MBL WND 08537 AEV 33431 DLM WND 10526 006651 WL150 08033 08
2 REL 2459N09271W 072749 SPG 2463N09284W 074549 =
NNNN
