UZNT13 KWBC 240127
XXAA  74001 99258 70873 08157 99009 29445 09511 00082 28638 08009
92772 22801 09511 85506 19050 08510 70150 10249 06506 50587 05557
11506 40759 15729 17510 30970 29957 18008 25097 39939 16004 20246
52550 25512 15425 67759 27535 10663 733// 05008 88124 73764 28009
77999
31313 09608 82352
61616 NA872 WX09A HARVEY       OB 22
62626 MBL WND 08509 AEV 33429 DLM WND 13003 009751 WL150 08009 08
1 REL 2576N08732W 235248 SPG 2577N08732W 000939 =
XXBB  74008 99258 70873 08157 00009 29445 11933 23002 22850 19050
33830 17650 44818 17459 55790 15858 66786 15862 77774 14441 88699
10248 99636 05023 11596 02456 22574 00446 33565 00060 44513 04758
55506 05163 66495 06127 77474 07745 88467 08319 99417 13157 11411
13958 22403 15324 33392 16550 44366 20333 55350 21557 66299 30157
77285 32559 88271 35361 99256 38539 11202 51749 22146 68959 33140
69161 44127 73962 55119 74165 66111 72168 77110 721// 88103 751//
21212 00009 09511 11916 09511 22903 12011 33879 11510 44850 08510
55428 17511 66390 16510 77353 21001 88293 17510 99284 19512 11274
18515 22259 18510 33242 00000 44203 25510 55164 28531 66152 27536
77145 28029 88141 30017 99133 30008 11117 27510 22114 33014 33110
35010
31313 09608 82352
61616 NA872 WX09A HARVEY       OB 22
62626 MBL WND 08509 AEV 33429 DLM WND 13003 009751 WL150 08009 08
1 REL 2576N08732W 235248 SPG 2577N08732W 000939 =
XXCC  7400/ 99258 70873 08157 88999 77999
31313 09608 82352
51515 10190 70873
61616 NA872 WX09A HARVEY       OB 22
62626 MBL WND 08509 AEV 33429 DLM WND 13003 009751 WL150 08009 08
1 REL 2576N08732W 235248 SPG 2577N08732W 000939 =
XXDD  7400/ 99258 70873 08157 11954 725// 22891 739// 33833 735//
44789 709// 55751 717//
21212 11964 08004 22945 03510 33919 03021 44844 06518 55824 08521
66801 08011 77792 35002 88751 05005
31313 09608 82352
51515 10190 70873
61616 NA872 WX09A HARVEY       OB 22
62626 MBL WND 08509 AEV 33429 DLM WND 13003 009751 WL150 08009 08
1 REL 2576N08732W 235248 SPG 2577N08732W 000939 =
NNNN
