UZNT13 KWBC 232243
XXAA  73211 99274 70868 08176 99010 29446 07509 00090 28640 07008
92780 23239 08508 85514 18850 08007 70159 10250 01002 50588 05161
11008 40760 15322 19010 30971 30129 23017 25098 40341 27523 20246
52942 26537 15425 66961 28535 10665 733// 33007 88999 77999
31313 09608 82122
61616 NA872 WX09A HARVEY       OB 11
62626 MBL WND 07009 AEV 33431 DLM WND 23503 009788 WL150 07008 08
0 REL 2743N08681W 212227 SPG 2744N08679W 214004 =
XXBB  73218 99274 70868 08176 00010 29446 11942 23604 22921 23249
33874 19828 44850 18850 55817 17058 66791 16669 77747 14468 88728
13068 99722 12257 11695 09850 22656 07867 33625 05466 44618 04877
55560 00061 66553 00370 77534 01383 88521 02784 99516 03365 11483
07359 22473 08360 33461 09570 44458 10164 55452 10532 66399 15522
77359 21115 88328 25556 99319 26928 11298 30526 22284 33326 33267
37156 44243 41934 55225 46147 66205 51536 77136 71164 88117 72188
99110 731// 11103 745//
21212 00010 07509 11960 06512 22876 10004 33850 08007 44814 11010
55437 19010 66416 17010 77400 19010 88342 20505 99323 21010 11308
23514 22266 23516 33255 26017 44236 28530 55224 27035 66162 27051
77151 29038 88140 26516 99135 24024 11126 29016 22121 26516 33114
32521 44109 31517 55104 35510 66102 34505
31313 09608 82122
61616 NA872 WX09A HARVEY       OB 11
62626 MBL WND 07009 AEV 33431 DLM WND 23503 009788 WL150 07008 08
0 REL 2743N08681W 212227 SPG 2744N08679W 214004 =
XXCC  7321/ 99274 70868 08176 88999 77999
31313 09608 82122
51515 10190 70876
61616 NA872 WX09A HARVEY       OB 11
62626 MBL WND 07009 AEV 33431 DLM WND 23503 009788 WL150 07008 08
0 REL 2743N08681W 212227 SPG 2744N08679W 214004 =
XXDD  7321/ 99274 70868 08176 11788 699//
21212 11902 06511 22868 09522 33841 09041 44788 06512
31313 09608 82122
51515 10190 70876
61616 NA872 WX09A HARVEY       OB 11
62626 MBL WND 07009 AEV 33431 DLM WND 23503 009788 WL150 07008 08
0 REL 2743N08681W 212227 SPG 2744N08679W 214004 =
NNNN
