UZNT13 KWBC 240106
XXAA  73231 99256 70928 08252 99009 27634 ///// 00082 26631 07520
92767 21613 09524 85499 17418 10522 70139 09841 09017 50586 04715
02009 40759 14156 06002 30971 28925 17513 25099 39530 16519 20247
52157 17528 15427 67362 22526 10665 749// 03009 88999 77999
31313 09608 82256
61616 NA872 WX09A HARVEY       OB 17 CCA
62626 LST WND 018 MBL WND 08020 AEV 33429 CORRECTED RPT DLM WND 1
1010 007757 WL150 08020 093 REL 2556N09284W 225633 SPG 2558N09288
W 231430 =
XXBB  73238 99256 70928 08252 00009 27634 11947 22403 22904 21433
33850 17418 44832 17056 55801 15456 66791 14022 77771 13625 88766
13856 99728 11231 11692 09656 22635 04610 33528 02509 44450 09313
55435 10342 66402 13945 77395 14560 88360 19560 99350 20928 11317
25926 22276 33726 33202 51357 44148 67762 55125 72388 66115 72987
77110 747// 88105 763//
21212 00009 ///// 11007 12020 22004 07520 33001 07020 44944 09519
55930 09524 66894 10019 77850 10522 88783 10525 99730 08021 11642
10517 22624 08515 33587 09012 44556 04010 55513 02011 66343 34502
77308 15511 88301 17513 99276 15017 11239 17021 22217 16526 33167
20036 44147 23024 55137 30016 66128 00517 77121 35510 88110 06006
99102 00511
31313 09608 82256
61616 NA872 WX09A HARVEY       OB 17 CCA
62626 LST WND 018 MBL WND 08020 AEV 33429 CORRECTED RPT DLM WND 1
1010 007757 WL150 08020 093 REL 2556N09284W 225633 SPG 2558N09288
W 231430 =
XXCC  7323/ 99256 70928 08252 88999 77999
31313 09608 82256
51515 10190 70875
61616 NA872 WX09A HARVEY       OB 17 CCA
62626 LST WND 018 MBL WND 08020 AEV 33429 CORRECTED RPT DLM WND 1
1010 007757 WL150 08020 093 REL 2556N09284W 225633 SPG 2558N09288
W 231430 =
XXDD  7323/ 99256 70928 08252 11757 717//
21212 11991 04012 22955 03515 33953 04015 44952 07015 55941 08015
66886 10510 77848 11020 88834 12516 99826 18013 11819 22024 22811
23543 33757 10514
31313 09608 82256
51515 10190 70875
61616 NA872 WX09A HARVEY       OB 17 CCA
62626 LST WND 018 MBL WND 08020 AEV 33429 CORRECTED RPT DLM WND 1
1010 007757 WL150 08020 093 REL 2556N09284W 225633 SPG 2558N09288
W 231430 =
NNNN
