UZNT13 KWBC 240314
XXAA  74021 99243 70937 08243 99008 28630 07022 00075 27831 07525
92762 21808 08026 85494 17400 08518 70139 09829 06016 50587 04158
02516 40760 14162 01510 30973 28950 11509 25100 39158 12520 20249
51756 16524 15429 66362 21019 10667 739// 08023 88115 76386 13507
77999
31313 09608 80212
61616 NA872 WX09A HARVEY       OB 34
62626 MBL WND 07526 AEV 33429 DLM WND 07511 008712 WL150 07526 07
9 REL 2426N09369W 021216 SPG 2426N09374W 023008 =
XXBB  74028 99243 70937 08243 00008 28630 11953 23604 22850 17400
33810 15600 44799 16030 55757 14247 66706 10212 77589 03631 88552
00450 99532 01526 11525 01958 22518 02350 33497 04359 44491 04956
55484 05557 66479 06132 77473 06528 88453 07957 99446 08741 11429
10158 22418 11363 33397 14762 44393 15358 55381 16365 66377 16760
77361 18561 88341 21762 99330 23374 11310 26950 22267 35739 33236
41959 44203 50550 55138 70763 66126 72565 77116 76386 88110 76186
99109 76186 11103 735//
21212 00008 07022 11004 07027 22922 08026 33874 08519 44861 10019
55850 08518 66756 08021 77702 06016 88675 07012 99657 04015 11580
02020 22541 00513 33490 03016 44475 01514 55422 01012 66412 36010
77385 02010 88352 00000 99271 11513 11266 13016 22216 14027 33182
17022 44158 20528 55144 22013 66133 28002 77121 10510 88116 13510
99110 01008
31313 09608 80212
61616 NA872 WX09A HARVEY       OB 34
62626 MBL WND 07526 AEV 33429 DLM WND 07511 008712 WL150 07526 07
9 REL 2426N09369W 021216 SPG 2426N09374W 023008 =
XXCC  7402/ 99243 70937 08243 88999 77763 13066 465//
31313 09608 80212
51515 10190 70875
61616 NA872 WX09A HARVEY       OB 34
62626 MBL WND 07526 AEV 33429 DLM WND 07511 008712 WL150 07526 07
9 REL 2426N09369W 021216 SPG 2426N09374W 023008 =
XXDD  7402/ 99243 70937 08243 11903 765// 22712 699//
21212 11993 08024 22938 08512 33888 05506 44785 09024 55763 13066
66712 10031
31313 09608 80212
51515 10190 70875
61616 NA872 WX09A HARVEY       OB 34
62626 MBL WND 07526 AEV 33429 DLM WND 07511 008712 WL150 07526 07
9 REL 2426N09369W 021216 SPG 2426N09374W 023008 =
NNNN
