UZNT13 KWBC 240415
XXAA  74041 99217 70938 08213 99006 28029 ///// 00054 27425 34512
92742 22214 35012 85475 18420 35512 70128 12857 34512 50587 04350
32009 40759 13972 30012 30971 29374 34504 25099 38538 21008 20248
52143 13012 15428 67363 14009 10664 777// 08012 88999 77999
31313 09608 80348
61616 NA872 WX09A HARVEY       OB 42
62626 LST WND 017 MBL WND 34513 AEV 33429 DLM WND 34506 004698 WL
150 35012 091 REL 2174N09376W 034841 SPG 2172N09375W 040637 =
XXBB  74048 99217 70938 08213 00006 28029 11959 24002 22850 18420
33796 16007 44770 15450 55764 15224 66743 15057 77704 13258 88592
03433 99574 02257 11570 01642 22526 01957 33519 02346 44514 02758
55502 04147 66484 05757 77479 06162 88470 07142 99455 08556 11445
09738 22421 12158 33407 13173 44397 14173 55306 28178 66282 32170
77275 33161 88252 38340 99223 45335 11157 64761 22134 73565 33110
75587 44107 76586
21212 00006 ///// 11004 34511 22995 35013 33966 34014 44910 36012
55850 35512 66730 35510 77606 32013 88564 33010 99485 30510 11411
31010 22402 30011 33394 31513 44378 27010 55292 10001 66225 13510
77205 12012 88167 20017 99162 18515 11157 15510 22147 14010 33116
14512 44114 13510 55111 06510 66110 05015 77106 05024 88102 05514
31313 09608 80348
61616 NA872 WX09A HARVEY       OB 42
62626 LST WND 017 MBL WND 34513 AEV 33429 DLM WND 34506 004698 WL
150 35012 091 REL 2174N09376W 034841 SPG 2172N09375W 040637 =
XXCC  74047 99217 70938 08213 70871 691// 10521 88999 77999
31313 09608 80348
51515 10190 50072
61616 NA872 WX09A HARVEY       OB 42
62626 LST WND 017 MBL WND 34513 AEV 33429 DLM WND 34506 004698 WL
150 35012 091 REL 2174N09376W 034841 SPG 2172N09375W 040637 =
XXDD  7404/ 99217 70938 08213 11929 791// 22698 689//
21212 11983 08510 22951 04506 33932 02011 44890 06015 55843 06533
66812 07029 77784 09528 88764 12016 99760 14011 11757 17509 22752
22513 33745 25029 44698 10523
31313 09608 80348
51515 10190 50072
61616 NA872 WX09A HARVEY       OB 42
62626 LST WND 017 MBL WND 34513 AEV 33429 DLM WND 34506 004698 WL
150 35012 091 REL 2174N09376W 034841 SPG 2172N09375W 040637 =
NNNN
