UZNT13 KWBC 241044
XXAA  74091 99229 70942 08224 99001 28435 02528 00007 28436 /////
92696 22000 01523 85431 18818 00522 70081 11243 33518 50582 04550
35014 40755 13768 33012 30967 29161 25005 25095 38359 18513 20244
50956 20509 15425 66963 10521 10660 763// 06516 88120 785// 10518
77999
31313 09608 80845
61616 NA872 WX09A HARVEY       OB 64
62626 SPL 2282N09421W 0903 MBL WND 01525 AEV 33431 DLM WND 36011
 000651 WL150 02528 083 REL 2286N09421W 084538 =
XXBB  74098 99229 70942 08224 00001 28435 11925 22000 22850 18818
33797 17049 44772 15219 55603 05046 66566 01223 77559 00646 88533
01927 99498 04750 11478 06713 22469 06950 33438 10157 44433 10561
55423 11957 66417 12363 77411 12961 88404 13168 99377 17164 11372
16980 22366 17381 33326 23978 44304 28556 55296 29576 66277 32974
77272 33565 88234 41956 99213 47540 11183 54956 22136 72765 33120
783// 44110 781// 55102 775//
21212 00001 02528 11979 01528 22954 01022 33901 02520 44850 00522
55692 33018 66567 34013 77548 36018 88508 34013 99496 35013 11485
32513 22451 31512 33399 33013 44389 31512 55377 32512 66355 27011
77338 29010 88304 23503 99278 23510 11270 19511 22254 18011 33202
21011 44196 18010 55192 13511 66181 11519 77167 09517 88126 09527
99119 10518 11115 15010 22110 09007 33108 07012 44104 07027
31313 09608 80845
61616 NA872 WX09A HARVEY       OB 64
62626 SPL 2282N09421W 0903 MBL WND 01525 AEV 33431 DLM WND 36011
 000651 WL150 02528 083 REL 2286N09421W 084538 =
XXCC  74097 99229 70942 08224 70872 715// 22015 88999 77999
31313 09608 80845
51515 10190 50068
61616 NA872 WX09A HARVEY       OB 64
62626 SPL 2282N09421W 0903 MBL WND 01525 AEV 33431 DLM WND 36011
 000651 WL150 02528 083 REL 2286N09421W 084538 =
XXDD  7409/ 99229 70942 08224 11934 735// 22855 745// 33831 731//
44651 709//
21212 11000 06516 22938 04025 33882 04530 44831 09024 55815 07527
66786 08529 77723 12514 88697 23018 99651 13514
31313 09608 80845
51515 10190 50068
61616 NA872 WX09A HARVEY       OB 64
62626 SPL 2282N09421W 0903 MBL WND 01525 AEV 33431 DLM WND 36011
 000651 WL150 02528 083 REL 2286N09421W 084538 =
NNNN
