UZNT13 KWBC 240330
XXAA  74031 99257 70949 08254 99010 29449 05517 00086 28449 06517
92775 22000 07517 85506 17625 07024 70148 09632 07019 50587 05359
03515 40760 13566 01509 30972 29764 04008 25099 39538 18516 20248
52147 18522 15428 66762 23514 10666 723// 01020 88112 74587 14011
77999
31313 09608 80231
61616 NA872 WX09A HARVEY       OB 36
62626 SPL 2571N09494W 0248 MBL WND 06518 AEV 33429 DLM WND 07011
 009704 WL150 06517 080 REL 2571N09489W 023100 =
XXBB  74038 99257 70949 08254 00010 29449 11936 22601 22856 17600
33850 17625 44800 15656 55789 15261 66765 13643 77739 12850 88708
10226 99674 08250 11663 07228 22634 06258 33588 02441 44565 00658
55557 00339 66546 01337 77533 02357 88504 05150 99497 05561 11492
05958 22479 07158 33471 07367 44458 07570 55449 08371 66434 10159
77421 11565 88409 12364 99389 15171 11341 21768 22309 28160 33290
31573 44274 34563 55266 35768 66260 37557 77252 39340 88219 46537
99138 70564 11110 74987 22101 723//
21212 00010 05517 11006 07017 22913 06516 33850 07024 44760 06023
55687 07016 66578 02522 77518 03014 88474 05516 99423 03514 11409
01010 22305 03012 33283 12001 44273 20010 55263 19517 66233 16525
77226 18027 88174 19533 99150 23514 11140 31502 22131 05510 33129
08510 44116 16514 55110 13510 66103 01010
31313 09608 80231
61616 NA872 WX09A HARVEY       OB 36
62626 SPL 2571N09494W 0248 MBL WND 06518 AEV 33429 DLM WND 07011
 009704 WL150 06517 080 REL 2571N09489W 023100 =
XXCC  7403/ 99257 70949 08254 88999 77760 13063 463//
31313 09608 80231
51515 10190 70876
61616 NA872 WX09A HARVEY       OB 36
62626 SPL 2571N09494W 0248 MBL WND 06518 AEV 33429 DLM WND 07011
 009704 WL150 06517 080 REL 2571N09489W 023100 =
XXDD  7403/ 99257 70949 08254 11899 737// 22704 717//
21212 11981 01522 22911 06510 33864 05510 44825 10015 55803 08016
66791 08019 77777 10526 88760 13063 99704 10023
31313 09608 80231
51515 10190 70876
61616 NA872 WX09A HARVEY       OB 36
62626 SPL 2571N09494W 0248 MBL WND 06518 AEV 33429 DLM WND 07011
 009704 WL150 06517 080 REL 2571N09489W 023100 =
NNNN
