UZNT13 KWBC 240527
XXAA  74051 99238 70913 08231 99007 28208 10038 00063 27608 09040
92752 22604 11043 85486 18006 11545 70130 10219 13047 50586 03907
15045 40759 12718 14040 30973 26932 15518 25102 37340 15510 20252
50350 23513 15432 66562 26526 10669 753// 03018 88119 76786 29024
77999
31313 09608 80453
61616 NA872 WX09A HARVEY       OB 47
62626 MBL WND 10538 AEV 33429 DLM WND 13031 006681 WL150 10038 08
5 REL 2378N09134W 045344 SPG 2387N09145W 051106 =
XXBB  74058 99238 70913 08231 00007 28208 11850 18006 22672 08613
33584 00600 44465 06711 55370 16121 66311 24930 77242 38941 88190
53356 99126 75387 11116 77586 22110 74987 33106 76386
21212 00007 10038 11998 09040 22984 10536 33932 11043 44850 11545
55707 13047 66671 12050 77530 13533 88499 15045 99438 13058 11396
14039 22342 15043 33317 15522 44291 15522 55276 14013 66262 14511
77250 15510 88246 18011 99241 19014 11229 24012 22223 22014 33213
24510 44208 22014 55193 23512 66189 26013 77185 26516 88180 28521
99144 26024 11125 28030 22120 29525 33116 27019 44115 28512 55114
32009 66113 00513 77110 03020 88107 04021 99102 02016
31313 09608 80453
61616 NA872 WX09A HARVEY       OB 47
62626 MBL WND 10538 AEV 33429 DLM WND 13031 006681 WL150 10038 08
5 REL 2378N09134W 045344 SPG 2387N09145W 051106 =
XXCC  74057 99238 70913 08231 70879 709// 12546 88999 77730 13563
460//
31313 09608 80453
51515 10190 50077
61616 NA872 WX09A HARVEY       OB 47
62626 MBL WND 10538 AEV 33429 DLM WND 13031 006681 WL150 10038 08
5 REL 2378N09134W 045344 SPG 2387N09145W 051106 =
XXDD  7405/ 99238 70913 08231 11943 741// 22873 753// 33681 705//
21212 11991 04020 22933 04516 33887 03020 44840 07022 55818 06521
66781 05529 77751 09531 88730 13563 99681 11536
31313 09608 80453
51515 10190 50077
61616 NA872 WX09A HARVEY       OB 47
62626 MBL WND 10538 AEV 33429 DLM WND 13031 006681 WL150 10038 08
5 REL 2378N09134W 045344 SPG 2387N09145W 051106 =
NNNN
