UZNT13 KWBC 240342
XXAA  74031 99241 70951 08245 99008 28235 ///// 00069 27434 06016
92756 21608 06522 85487 17606 05523 70132 10411 04515 50586 04750
02516 40759 13967 02011 30971 29772 10004 25098 39359 17523 20247
52156 16527 15427 66163 21022 10665 735// 05518 88113 75587 11511
77999
31313 09608 80311
61616 NA872 WX09A HARVEY       OB 39
62626 LST WND 033 MBL WND 05517 AEV 33429 DLM WND 06011 004696 WL
150 05016 107 REL 2409N09507W 031117 SPG 2407N09511W 032915 =
XXBB  74038 99241 70951 08245 00008 28235 11945 22800 22850 17606
33672 08608 44615 03407 55571 01001 66559 00222 77536 01702 88527
02328 99506 04329 11493 04960 22488 05156 33483 05562 44478 05756
55472 06156 66453 08359 77431 10157 88426 10764 99415 12159 11391
14972 22384 16160 33376 17368 44364 19563 55336 23972 66330 24765
77326 25377 88291 30978 99259 37370 11244 40357 22224 45526 33200
52156 44190 54761 55141 67564 66125 73787 77110 76186 88109 76386
99106 763//
21212 00008 ///// 11004 05004 22002 06015 33996 05018 44916 06522
55850 05523 66770 06018 77633 02516 88587 04519 99553 01014 11520
03514 22483 03014 33477 01018 44449 02017 55378 01010 66296 16501
77255 18017 88228 15528 99217 15028 11177 20025 22155 20029 33148
21515 44145 19509 55140 14512 66131 10513 77125 09013 88119 12515
99115 13014 11110 07509 22101 05516
31313 09608 80311
61616 NA872 WX09A HARVEY       OB 39
62626 LST WND 033 MBL WND 05517 AEV 33429 DLM WND 06011 004696 WL
150 05016 107 REL 2409N09507W 031117 SPG 2407N09511W 032915 =
XXCC  74037 99241 70951 08245 70874 707// 04531 88999 77747 01082
473//
31313 09608 80311
51515 10190 50073
61616 NA872 WX09A HARVEY       OB 39
62626 LST WND 033 MBL WND 05517 AEV 33429 DLM WND 06011 004696 WL
150 05016 107 REL 2409N09507W 031117 SPG 2407N09511W 032915 =
XXDD  7403/ 99241 70951 08245 11988 733// 22909 757// 33696 707//
21212 11981 07521 22915 09010 33892 06005 44841 07521 55780 04527
66763 02539 77747 01082 88696 05028
31313 09608 80311
51515 10190 50073
61616 NA872 WX09A HARVEY       OB 39
62626 LST WND 033 MBL WND 05517 AEV 33429 DLM WND 06011 004696 WL
150 05016 107 REL 2409N09507W 031117 SPG 2407N09511W 032915 =
NNNN
