UZNT13 KWBC 240142
XXAA  74011 99247 70842 08144 99010 29450 08504 00093 28650 09005
92781 22838 10505 85515 18843 08506 70158 10867 00513 50588 03759
03512 40761 14170 04008 30972 29958 22506 25099 40557 27010 20248
52559 33529 15427 67361 32516 10666 753// 03511 88999 77999
31313 09608 80039
61616 NA872 WX09A HARVEY       OB 26
62626 MBL WND 09505 AEV 33429 DLM WND 00507 009728 WL150 09505 08
6 REL 2474N08422W 003927 SPG 2470N08422W 005608 =
XXBB  74018 99247 70842 08144 00010 29450 11931 22611 22916 22245
33850 18843 44804 15430 55790 15458 66767 14261 77739 12250 88724
12059 99718 12067 11688 10672 22680 09662 33660 08469 44637 05858
55617 04059 66610 03866 77592 02863 88582 02057 99566 00861 11547
00557 22530 01362 33523 02356 44515 02750 55499 03760 66475 07150
77462 08559 88453 09956 99447 10557 11436 11157 22419 11971 33412
12765 44405 13371 55393 15367 66380 17556 77373 18556 88368 18561
99336 24134 11298 30359 22256 39156 33213 48560 44176 58959 55142
70162 66110 73568
21212 00010 08504 11850 08506 22724 01011 33690 01011 44664 34511
55606 35013 66569 01014 77519 01011 88484 04512 99454 02510 11426
04512 22414 02512 33324 17501 44263 23512 55239 31005 66218 36020
77192 32532 88177 33038 99156 34019 11147 31514 22142 29514 33133
30018 44129 31010 55126 28002 66116 35011 77110 33513 88106 34015
31313 09608 80039
61616 NA872 WX09A HARVEY       OB 26
62626 MBL WND 09505 AEV 33429 DLM WND 00507 009728 WL150 09505 08
6 REL 2474N08422W 003927 SPG 2470N08422W 005608 =
XXCC  7401/ 99247 70842 08144 88999 77999
31313 09608 80039
51515 10190 70874
61616 NA872 WX09A HARVEY       OB 26
62626 MBL WND 09505 AEV 33429 DLM WND 00507 009728 WL150 09505 08
6 REL 2474N08422W 003927 SPG 2470N08422W 005608 =
XXDD  7401/ 99247 70842 08144 11958 763// 22819 741// 33772 703//
44728 731//
21212 11994 03512 22952 03514 33919 06508 44899 04513 55874 06021
66846 07512 77792 06015 88770 04536 99728 09029
31313 09608 80039
51515 10190 70874
61616 NA872 WX09A HARVEY       OB 26
62626 MBL WND 09505 AEV 33429 DLM WND 00507 009728 WL150 09505 08
6 REL 2474N08422W 003927 SPG 2470N08422W 005608 =
NNNN
