UZNT13 KWBC 240850
XXAA  74081 99259 70945 08254 99008 29048 08018 00070 28444 06516
92759 22217 08016 85492 18847 09519 70135 09021 06516 50585 05543
06516 40758 13968 04013 30970 28958 19507 25098 38759 17028 20247
51957 17529 15427 66362 21017 10665 743// 01522 88117 749// 18013
77999
31313 09608 80748
61616 NA872 WX09A HARVEY       OB 58
62626 MBL WND 07016 AEV 33431 DLM WND 08510 007659 WL150 07016 08
5 REL 2589N09446W 074840 SPG 2590N09451W 080645 =
XXBB  74088 99259 70945 08254 00008 29048 11922 22016 22893 21450
33850 18847 44695 08618 55671 07047 66623 03827 77614 03656 88605
02839 99597 02457 11590 01859 22579 00841 33569 00260 44562 00717
55541 01956 66532 02733 77515 03759 88488 06919 99464 08163 11384
15373 22316 25566 33296 29957 44282 32160 55230 43161 66204 50757
77152 65562 88134 72164 99128 72566 11116 751// 22110 731//
21212 00008 08018 11996 06516 22908 08516 33876 09523 44850 09519
55787 08519 66753 06517 77706 07517 88675 03018 99579 05023 11550
05021 22520 07517 33478 07012 44458 05514 55441 06011 66429 03511
77416 02512 88405 04013 99365 02011 11355 02010 22314 10001 33292
19010 44237 17534 55199 17528 66175 21024 77158 20528 88144 20510
99139 19510 11131 14516 22126 16021 33115 18510 44110 02007 55108
00514 66102 00523
31313 09608 80748
61616 NA872 WX09A HARVEY       OB 58
62626 MBL WND 07016 AEV 33431 DLM WND 08510 007659 WL150 07016 08
5 REL 2589N09446W 074840 SPG 2590N09451W 080645 =
XXCC  74087 99259 70945 08254 70877 697// 11555 88999 77999
31313 09608 80748
51515 10190 50075
61616 NA872 WX09A HARVEY       OB 58
62626 MBL WND 07016 AEV 33431 DLM WND 08510 007659 WL150 07016 08
5 REL 2589N09446W 074840 SPG 2590N09451W 080645 =
XXDD  7408/ 99259 70945 08254 11894 765// 22831 733// 33659 685//
21212 11911 10013 22889 08510 33865 05512 44836 08011 55815 06518
66777 09023 77734 09021 88706 11560 99659 09022
31313 09608 80748
51515 10190 50075
61616 NA872 WX09A HARVEY       OB 58
62626 MBL WND 07016 AEV 33431 DLM WND 08510 007659 WL150 07016 08
5 REL 2589N09446W 074840 SPG 2590N09451W 080645 =
NNNN
