UZNT13 KWBC 240206
XXAA  74021 99246 70899 08149 99008 27809 06013 00075 27210 06516
92764 22609 11021 85498 19000 09529 70143 09642 13032 50587 04356
15016 40759 14150 17019 30972 29108 22517 25099 39347 27519 20248
51761 27019 15427 68162 24527 10665 751// 04518 88131 74587 23519
88115 74787 33009 77999
31313 09608 80134
61616 NA872 WX09A HARVEY       OB 31
62626 MBL WND 08018 AEV 33429 DLM WND 14013 008712 WL150 06515 08
0 REL 2456N08991W 013440 SPG 2460N08994W 015211 =
XXBB  74028 99246 70899 08149 00008 27809 11910 21404 22901 22000
33867 18616 44861 19800 55850 19000 66845 19800 77830 17223 88764
14257 99709 10457 11698 09637 22691 09257 33667 07857 44650 06227
55629 04844 66620 04023 77594 03250 88574 01456 99553 00121 11533
02141 22521 02514 33514 02948 44450 09944 55445 10512 66438 10759
77421 12356 88415 12760 99404 13559 11387 16321 22329 23925 33301
29107 44291 30538 55264 36334 66219 46363 77205 49762 88174 60159
99131 74587 11124 73187 22110 741//
21212 00008 06013 11982 08519 22939 09519 33927 11021 44910 11023
55903 10028 66885 11024 77862 12027 88857 11031 99850 09529 11842
08530 22807 11027 33547 16026 44516 14517 55454 15015 66439 16516
77422 15016 88407 17019 99357 19013 11351 21015 22324 22012 33305
22015 44291 24514 55253 27020 66233 30023 77211 27021 88160 25530
99138 25021 11129 23020 22126 21010 33119 23501 44114 33510 55110
01513 66104 01011
31313 09608 80134
61616 NA872 WX09A HARVEY       OB 31
62626 MBL WND 08018 AEV 33429 DLM WND 14013 008712 WL150 06515 08
0 REL 2456N08991W 013440 SPG 2460N08994W 015211 =
XXCC  7402/ 99246 70899 08149 88999 77999
31313 09608 80134
51515 10190 70874
61616 NA872 WX09A HARVEY       OB 31
62626 MBL WND 08018 AEV 33429 DLM WND 14013 008712 WL150 06515 08
0 REL 2456N08991W 013440 SPG 2460N08994W 015211 =
XXDD  7402/ 99246 70899 08149 11998 751// 22712 711//
21212 11961 06515 22940 06510 33921 03513 44905 02518 55879 06516
66821 08019 77786 07531 88763 08557 99712 07532
31313 09608 80134
51515 10190 70874
61616 NA872 WX09A HARVEY       OB 31
62626 MBL WND 08018 AEV 33429 DLM WND 14013 008712 WL150 06515 08
0 REL 2456N08991W 013440 SPG 2460N08994W 015211 =
NNNN
