UZNT13 KWBC 240338
XXAA  74031 99253 70953 08255 99009 29456 05520 00078 28650 06018
92767 22625 06019 85499 18250 06525 70143 10233 06512 50587 04566
04517 40760 13767 03510 30972 30174 06507 25099 39369 16011 20248
51544 18031 15428 66761 20028 10666 707// 03523 88116 75587 14509
77999
31313 09608 80258
61616 NA872 WX09A HARVEY       OB 38
62626 MBL WND 06019 AEV 33429 DLM WND 06012 008701 WL150 06019 08
1 REL 2531N09526W 025828 SPG 2528N09531W 031614 =
XXBB  74038 99253 70953 08255 00009 29456 11913 21613 22850 18250
33836 17433 44816 16857 55779 14637 66686 08825 77660 07241 88654
07458 99645 06850 11636 06459 22617 04650 33605 04460 44532 02550
55517 03758 66498 04567 77480 05767 88475 06161 99452 07564 11385
15368 22359 19561 33299 30175 44255 38371 55246 40565 66239 41957
77223 45936 88197 52546 99127 73778 11110 75187 22108 74587 33102
705//
21212 00009 05520 11940 06019 22850 06525 33719 04516 44693 07013
55651 03018 66633 04018 77595 02021 88515 03017 99494 06018 11466
07011 22415 02510 33398 03510 44349 01510 55325 03014 66315 03012
77304 06010 88283 33002 99252 16010 11172 18034 22153 20032 33139
21510 44133 28501 55126 06512 66120 12511 77117 13510 88110 09504
99105 02510 11101 03023
31313 09608 80258
61616 NA872 WX09A HARVEY       OB 38
62626 MBL WND 06019 AEV 33429 DLM WND 06012 008701 WL150 06019 08
1 REL 2531N09526W 025828 SPG 2528N09531W 031614 =
XXCC  7403/ 99253 70953 08255 88999 77751 00573 464//
31313 09608 80258
51515 10190 70876
61616 NA872 WX09A HARVEY       OB 38
62626 MBL WND 06019 AEV 33429 DLM WND 06012 008701 WL150 06019 08
1 REL 2531N09526W 025828 SPG 2528N09531W 031614 =
XXDD  7403/ 99253 70953 08255 11889 741// 22701 707//
21212 11937 07016 22887 04513 33826 08516 44801 06517 55769 03027
66751 00573 77701 04526
31313 09608 80258
51515 10190 70876
61616 NA872 WX09A HARVEY       OB 38
62626 MBL WND 06019 AEV 33429 DLM WND 06012 008701 WL150 06019 08
1 REL 2531N09526W 025828 SPG 2528N09531W 031614 =
NNNN
