UZNT13 KWBC 240434
XXAA  74041 99218 70921 08212 99003 28224 18529 00027 28025 18029
92716 23226 18535 85453 20842 18532 70111 12256 19523 50585 03158
25520 40759 14357 26516 30972 27358 22005 25100 38161 26004 20249
51358 31510 15429 67363 02031 10665 777// 32512 88115 77786 06513
77999
31313 09608 80406
61616 NA872 WX09A HARVEY       OB 44
62626 MBL WND 18033 AEV 33429 DLM WND 21513 002703 WL150 18532 08
4 REL 2183N09211W 040632 SPG 2186N09208W 042407 =
XXBB  74048 99218 70921 08212 00003 28224 11944 23813 22881 21637
33866 20816 44850 20842 55788 17225 66682 11656 77552 00826 88523
01343 99513 01760 11490 04156 22479 05360 33470 06357 44462 07161
55450 08550 66437 09759 77410 12760 88400 14357 99379 15762 11366
17563 22340 21534 33319 23959 44266 34162 55241 40363 66216 46757
77178 57758 88127 75187 99111 77786 11110 775//
21212 00003 18529 11997 18534 22901 18536 33850 18532 44769 20025
55701 19523 66669 23024 77610 22521 88578 26018 99539 26518 11505
25020 22419 28017 33389 25516 44381 27017 55366 27018 66344 26010
77333 28011 88267 27003 99195 31512 11189 33513 22185 33510 33180
01016 44171 02027 55145 02034 66132 02514 77127 07007 88119 09010
99115 06513 11112 08011 22110 04511 33109 02516 44105 01013
31313 09608 80406
61616 NA872 WX09A HARVEY       OB 44
62626 MBL WND 18033 AEV 33429 DLM WND 21513 002703 WL150 18532 08
4 REL 2183N09211W 040632 SPG 2186N09208W 042407 =
XXCC  7404/ 99218 70921 08212 88999 77756 24093 499//
31313 09608 80406
51515 10190 70872
61616 NA872 WX09A HARVEY       OB 44
62626 MBL WND 18033 AEV 33429 DLM WND 21513 002703 WL150 18532 08
4 REL 2183N09211W 040632 SPG 2186N09208W 042407 =
XXDD  7404/ 99218 70921 08212 11922 775// 22703 717//
21212 11999 32512 22932 04023 33836 07535 44790 08031 55778 10015
66773 18511 77766 23545 88756 24093 99703 11521
31313 09608 80406
51515 10190 70872
61616 NA872 WX09A HARVEY       OB 44
62626 MBL WND 18033 AEV 33429 DLM WND 21513 002703 WL150 18532 08
4 REL 2183N09211W 040632 SPG 2186N09208W 042407 =
NNNN
