UZNT13 KWBC 240122
XXAA  74001 99257 70884 08158 99010 28235 05007 00088 27432 05005
92776 23250 11009 85510 19256 09508 70155 09436 14508 50587 05903
16016 40759 15321 16015 30970 29929 17508 25097 40133 16505 20245
52749 24014 15425 67962 26533 10664 737// 06509 88999 77999
31313 09608 82341
61616 NA872 WX09A HARVEY       OB 21 CCA
62626 MBL WND 07508 AEV 33429 DLM WND 15506 009744 WL150 06505 08
2 REL 2574N08845W 234131 SPG 2576N08845W 235910 =
XXBB  74008 99257 70884 08158 00010 28235 11990 26829 22979 26856
33850 19256 44720 11249 55531 03102 66378 17722 77276 34531 88215
48539 99144 69963 11115 72388 22110 723// 33102 745//
21212 00010 05007 11003 07003 22973 08011 33952 09010 44850 09508
55741 09010 66694 14010 77679 13010 88581 15513 99549 14013 11537
16013 22516 16514 33458 15514 44421 18019 55400 16015 66378 16504
77266 16502 88222 19510 99208 23512 11157 26537 22142 26030 33131
31514 44124 27501 55113 36014 66110 33510 77105 01010 88102 06010
31313 09608 82341
61616 NA872 WX09A HARVEY       OB 21 CCA
62626 MBL WND 07508 AEV 33429 DLM WND 15506 009744 WL150 06505 08
2 REL 2574N08845W 234131 SPG 2576N08845W 235910 =
XXCC  7400/ 99257 70884 08158 88999 77999
31313 09608 82341
51515 10190 70874
61616 NA872 WX09A HARVEY       OB 21 CCA
62626 MBL WND 07508 AEV 33429 DLM WND 15506 009744 WL150 06505 08
2 REL 2574N08845W 234131 SPG 2576N08845W 235910 =
XXDD  7400/ 99257 70884 08158 11744 715//
21212 11952 09004 22945 03510 33943 03511 44851 07018 55825 08510
66817 00000 77812 27011 88799 27558 99744 06014
31313 09608 82341
51515 10190 70874
61616 NA872 WX09A HARVEY       OB 21 CCA
62626 MBL WND 07508 AEV 33429 DLM WND 15506 009744 WL150 06505 08
2 REL 2574N08845W 234131 SPG 2576N08845W 235910 =
NNNN
