UZNT13 KWBC 232301
XXAA  73201 99282 70887 08188 99011 29250 06515 00094 28244 06510
92783 23040 07009 85516 18450 05506 70158 10258 07511 50587 05962
15519 40759 15330 22514 30969 31162 18510 25096 40950 24015 20244
52744 23551 15423 66162 26033 10665 741// 34011 88999 77168 25062
41638
31313 09608 82021
61616 NA872 WX09A HARVEY       OB 07 CCA
62626 MBL WND 07510 AEV 33431 CORRECTED RPT DLM WND 20506 010813
 WL150 06511 080 REL 2825N08866W 202131 SPG 2827N08863W 203902 =
XXBB  73208 99282 70887 08188 00011 29250 11950 24012 22936 23645
33883 20228 44850 18450 55830 16819 66820 16649 77794 15025 88733
12256 99721 11662 11713 11057 22673 08058 33660 07665 44622 04470
55617 04062 66588 01260 77577 00132 88554 02310 99531 04356 11526
04914 22520 05358 33516 05547 44508 06349 55501 05962 66471 09106
77399 15529 88381 18122 99360 21350 11318 28314 22311 29734 33305
30363 44288 33357 55273 35958 66211 49537 77142 68764 88128 68389
99122 69988 11110 719// 22102 743//
21212 00011 06515 11004 07512 22999 06510 33952 08007 44933 07009
55850 05506 66695 07510 77627 12510 88603 15513 99549 14512 11541
16011 22525 14011 33498 15520 44470 19017 55461 18013 66403 22513
77380 22013 88359 24015 99320 18011 11307 19511 22291 18509 33275
17512 44260 22512 55249 24016 66236 26029 77213 25052 88199 23551
99168 25062 11147 26029 22139 25014 33129 22520 44124 26012 55110
28509 66105 30014
31313 09608 82021
61616 NA872 WX09A HARVEY       OB 07 CCA
62626 MBL WND 07510 AEV 33431 CORRECTED RPT DLM WND 20506 010813
 WL150 06511 080 REL 2825N08866W 202131 SPG 2827N08863W 203902 =
XXCC  7320/ 99282 70887 08188 88999 77999
31313 09608 82021
51515 10190 70872
61616 NA872 WX09A HARVEY       OB 07 CCA
62626 MBL WND 07510 AEV 33431 CORRECTED RPT DLM WND 20506 010813
 WL150 06511 080 REL 2825N08866W 202131 SPG 2827N08863W 203902 =
XXDD  7320/ 99282 70887 08188 11813 737//
21212 11992 34511 22895 35502 33883 27014 44868 26051 55813 15509
31313 09608 82021
51515 10190 70872
61616 NA872 WX09A HARVEY       OB 07 CCA
62626 MBL WND 07510 AEV 33431 CORRECTED RPT DLM WND 20506 010813
 WL150 06511 080 REL 2825N08866W 202131 SPG 2827N08863W 203902 =
NNNN
