UZNT13 KWBC 240145
XXAA  74011 99242 70847 08144 99009 ///// ///// 00078 28435 04506
92767 22606 08506 85503 19650 04006 70147 11062 36014 50588 04342
01506 40760 14966 05506 30972 29760 20508 25099 40160 26004 20247
52160 34523 15427 67162 31510 10664 763// 00519 88120 74787 12501
88104 761// 33010 77999
31313 09608 80047
51515 10191
61616 NA872 WX09A HARVEY       OB 27
62626 LST WND 077 MBL WND 07005 AEV 33429 DLM WND 01006 000727 WL
150 06505 152 REL 2423N08468W 004716 SPG 2420N08469W 010458 =
XXBB  74018 99242 70847 08144 00/// ///// 11009 29239 22940 23400
33894 21650 44885 21235 55878 21459 66850 19650 77803 16660 88793
15656 99770 14663 11763 13849 22753 12822 33742 12862 44732 12460
55715 12075 66707 11459 77681 09664 88673 08857 99655 07460 11644
06450 22620 04850 33597 03665 44555 00650 55544 00461 66528 01165
77520 01963 88512 02942 99462 08722 11451 09740 22448 09958 33440
10360 44436 10567 55430 11357 66426 11956 77421 12370 88414 12967
99406 13961 11399 15166 22393 15956 33389 16348 44356 20942 55345
22357 66295 30559 77263 37757 88232 44160 99184 56361 11132 72964
22118 74987 33112 74387 44110 749//
21212 00009 ///// 11000 04506 22890 10003 33881 06007 44873 05004
55850 04006 66723 02015 77698 36013 88679 00511 99643 33510 11633
35010 22612 34510 33576 02511 44553 03010 55333 00000 66307 22010
77246 30003 88228 01012 99207 36022 11186 32018 22173 33525 33163
34517 44144 30011 55129 30513 66126 32010 77120 12501 88118 22010
99116 23010 11112 34510 22110 34515 33108 35010 44103 32511
31313 09608 80047
51515 10191
61616 NA872 WX09A HARVEY       OB 27
62626 LST WND 077 MBL WND 07005 AEV 33429 DLM WND 01006 000727 WL
150 06505 152 REL 2423N08468W 004716 SPG 2420N08469W 010458 =
XXCC  7401/ 99242 70847 08144 88999 77999
31313 09608 80047
51515 10190 70872
61616 NA872 WX09A HARVEY       OB 27
62626 LST WND 077 MBL WND 07005 AEV 33429 DLM WND 01006 000727 WL
150 06505 152 REL 2423N08468W 004716 SPG 2420N08469W 010458 =
XXDD  7401/ 99242 70847 08144 11987 765// 22727 731//
21212 11987 02016 22956 02516 33936 05010 44913 03503 55895 05024
66800 06526 77774 08552 88727 09036
31313 09608 80047
51515 10190 70872
61616 NA872 WX09A HARVEY       OB 27
62626 LST WND 077 MBL WND 07005 AEV 33429 DLM WND 01006 000727 WL
150 06505 152 REL 2423N08468W 004716 SPG 2420N08469W 010458 =
NNNN
