UZNT13 KWBC 232340
XXAA  73231 99264 70940 08264 99009 29256 ///// 00083 28456 08513
92771 22850 08018 85504 18856 07021 70144 09259 07026 50586 05526
03013 40758 14171 32508 30970 30167 27006 25097 39756 19522 20246
51767 20531 15426 66163 27507 10665 745// 12008 88115 737// 07505
77999
31313 09608 82235
61616 NA872 WX09A HARVEY       OB 15
62626 LST WND 029 MBL WND 08514 AEV 33431 DLM WND 06508 006759 WL
150 08513 103 REL 2636N09402W 223554 SPG 2634N09405W 225324 =
XXBB  73238 99264 70940 08264 00009 29256 11940 23224 22897 22259
33850 18856 44769 14259 55727 10250 66706 09660 77671 06633 88627
04242 99606 03460 11591 01843 22565 00433 33551 00558 44535 01931
55488 06921 66478 07950 77472 08319 88464 08360 99451 09740 11446
10156 22437 11143 33429 11762 44421 12167 55395 14568 66390 15360
77370 18370 88277 33766 99265 36562 11254 38949 22228 45159 33220
46770 44202 51367 55130 71565 66116 73387 77110 735//
21212 00009 ///// 11006 08013 22939 08016 33898 07522 44850 07021
55791 06522 66753 08026 77667 07018 88659 08018 99594 05515 11582
03013 22564 02511 33548 03516 44537 01512 55509 03512 66451 35015
77419 35512 88389 33510 99342 33513 11307 28505 22281 23010 33255
19520 44240 18523 55196 20532 66179 19530 77164 21022 88153 25010
99149 28506 11134 35016 22130 01516 33110 09014 44102 13510
31313 09608 82235
61616 NA872 WX09A HARVEY       OB 15
62626 LST WND 029 MBL WND 08514 AEV 33431 DLM WND 06508 006759 WL
150 08513 103 REL 2636N09402W 223554 SPG 2634N09405W 225324 =
XXCC  7323/ 99264 70940 08264 88999 77999
31313 09608 82235
51515 10190 70874
61616 NA872 WX09A HARVEY       OB 15
62626 LST WND 029 MBL WND 08514 AEV 33431 DLM WND 06508 006759 WL
150 08513 103 REL 2636N09402W 223554 SPG 2634N09405W 225324 =
XXDD  7323/ 99264 70940 08264 11974 745// 22759 723//
21212 11942 04010 22895 06510 33855 07015 44833 05520 55812 01544
66759 03521
31313 09608 82235
51515 10190 70874
61616 NA872 WX09A HARVEY       OB 15
62626 LST WND 029 MBL WND 08514 AEV 33431 DLM WND 06508 006759 WL
150 08513 103 REL 2636N09402W 223554 SPG 2634N09405W 225324 =
NNNN
