UZNT13 KWBC 240116
XXAA  73231 99257 70905 08250 99011 26212 17511 00096 25212 08523
92781 22440 10021 85514 19050 10018 70156 09031 10018 50587 04509
11019 40760 13918 19520 30973 28927 22513 25100 39536 19513 20249
52556 19018 15428 68163 22518 10668 727// 09512 88137 70765 29518
88128 71188 35508 77999
31313 09608 82320
61616 NA872 WX09A HARVEY       OB 19 CCA
62626 SPL 2571N09056W 2337 MBL WND 10017 AEV 33429 DLM WND 13511
 010752 WL150 09514 084 REL 2567N09053W 232010 =
XXBB  73238 99257 70905 08250 00011 26212 11850 19050 22695 08638
33592 00402 44512 03507 55395 14518 66338 22125 77285 31729 88208
50350 99148 68763 11138 70764 22116 71588 33110 721//
21212 00011 17511 11009 16509 22000 08523 33994 09014 44962 09521
55850 10018 66820 10014 77786 12514 88692 09519 99610 13012 11570
12516 22556 09517 33541 11519 44492 11518 55484 14016 66472 15517
77421 16518 88399 19520 99357 19012 11348 21012 22324 20511 33312
22511 44290 22012 55267 19014 66255 20514 77203 18518 88181 21517
99161 20520 11156 22522 22148 22517 33144 24518 44132 33513 55116
36011 66112 02515 77110 06513 88107 07513 99102 06513
31313 09608 82320
61616 NA872 WX09A HARVEY       OB 19 CCA
62626 SPL 2571N09056W 2337 MBL WND 10017 AEV 33429 DLM WND 13511
 010752 WL150 09514 084 REL 2567N09053W 232010 =
XXCC  7323/ 99257 70905 08250 88999 77803 26588 488//
31313 09608 82320
51515 10190 70877
61616 NA872 WX09A HARVEY       OB 19 CCA
62626 SPL 2571N09056W 2337 MBL WND 10017 AEV 33429 DLM WND 13511
 010752 WL150 09514 084 REL 2567N09053W 232010 =
XXDD  7323/ 99257 70905 08250 11944 741// 22752 713//
21212 11980 13510 22828 35506 33822 30012 44818 28524 55803 26588
66752 06018
31313 09608 82320
51515 10190 70877
61616 NA872 WX09A HARVEY       OB 19 CCA
62626 SPL 2571N09056W 2337 MBL WND 10017 AEV 33429 DLM WND 13511
 010752 WL150 09514 084 REL 2567N09053W 232010 =
NNNN
