UZNT13 KWBC 240950
XXAA  74091 99230 70935 08233 99000 26005 36025 00003 26005 /////
92689 22800 34024 85424 19000 34518 70081 12456 32023 50582 03750
29517 40755 13962 32016 30968 28150 25517 25097 37136 25003 20247
50150 06507 15427 66563 07519 10662 735// 06523 88112 813// 07031
77999
31313 09608 80853
61616 NA872 WX09A HARVEY       OB 63
62626 MBL WND 35526 AEV 33431 DLM WND 33013 999638 WL150 36026 08
6 REL 2296N09349W 085305 SPG 2291N09346W 091029 =
XXBB  74098 99230 70935 08233 00000 26005 11850 19000 22745 15657
33637 06637 44595 04843 55527 01332 66516 02356 77453 08134 88448
08557 99433 10556 11416 12162 22399 13961 33390 14769 44370 17558
55360 17978 66355 18367 77353 18762 88287 30341 99255 35737 11196
51350 22136 72166 33110 821// 44107 813// 55103 753// 66101 735//
21212 00000 36025 11930 34526 22904 33023 33850 34518 44811 35519
55721 31525 66689 32025 77614 30017 88595 31523 99573 29019 11514
29020 22480 31014 33467 30015 44369 32522 55345 29517 66272 22517
77265 23010 88242 00000 99170 06510 11158 08017 22141 06521 33110
07027
31313 09608 80853
61616 NA872 WX09A HARVEY       OB 63
62626 MBL WND 35526 AEV 33431 DLM WND 33013 999638 WL150 36026 08
6 REL 2296N09349W 085305 SPG 2291N09346W 091029 =
XXCC  74097 99230 70935 08233 70875 715// 20515 88999 77999
31313 09608 80853
51515 10190 50070
61616 NA872 WX09A HARVEY       OB 63
62626 MBL WND 35526 AEV 33431 DLM WND 33013 999638 WL150 36026 08
6 REL 2296N09349W 085305 SPG 2291N09346W 091029 =
XXDD  7409/ 99230 70935 08233 11856 763// 22826 743// 33638 701//
21212 11909 05016 22871 04524 33826 08522 44809 06528 55784 07530
66715 13016 77705 16511 88697 22522 99686 24555 11638 08013
31313 09608 80853
51515 10190 50070
61616 NA872 WX09A HARVEY       OB 63
62626 MBL WND 35526 AEV 33431 DLM WND 33013 999638 WL150 36026 08
6 REL 2296N09349W 085305 SPG 2291N09346W 091029 =
NNNN
