UZNT13 KWBC 240217
XXAA  74021 99246 70906 08240 99009 27833 08025 00077 27232 07023
92765 23233 10029 85499 19042 10530 70140 08818 13028 50586 05309
13525 40758 13719 18014 30971 27933 22516 25099 38340 20525 20249
51350 21031 15429 68162 21043 10666 755// 06513 88134 74164 21543
88112 75587 36015 77999
31313 09608 80141
61616 NA872 WX09A HARVEY       OB 32
62626 MBL WND 07022 AEV 33429 DLM WND 14016 007712 WL150 07022 08
6 REL 2456N09065W 014124 SPG 2463N09069W 015857 =
XXBB  74028 99246 70906 08240 00009 27833 11850 19042 22765 13450
33642 03801 44530 02505 55370 17123 66309 26331 77244 39341 88182
56756 99135 73964 11123 72987 22110 75387 33109 75387
21212 00009 08025 11006 07522 22980 06020 33950 09529 44881 10527
55850 10530 66629 13527 77607 12525 88496 13525 99477 13017 11435
18011 22430 17010 33403 17513 44388 20512 55345 20014 66332 21516
77305 22516 88294 20515 99265 20015 11243 21026 22155 20546 33134
21544 44125 23012 55122 26505 66115 33510 77110 01016 88102 06010
31313 09608 80141
61616 NA872 WX09A HARVEY       OB 32
62626 MBL WND 07022 AEV 33429 DLM WND 14016 007712 WL150 07022 08
6 REL 2456N09065W 014124 SPG 2463N09069W 015857 =
XXCC  7402/ 99246 70906 08240 88999 77999
31313 09608 80141
51515 10190 70874
61616 NA872 WX09A HARVEY       OB 32
62626 MBL WND 07022 AEV 33429 DLM WND 14016 007712 WL150 07022 08
6 REL 2456N09065W 014124 SPG 2463N09069W 015857 =
XXDD  7402/ 99246 70906 08240 11929 753// 22712 725//
21212 11923 06512 22896 04016 33851 08520 44813 08017 55791 07023
66759 08549 77712 07532
31313 09608 80141
51515 10190 70874
61616 NA872 WX09A HARVEY       OB 32
62626 MBL WND 07022 AEV 33429 DLM WND 14016 007712 WL150 07022 08
6 REL 2456N09065W 014124 SPG 2463N09069W 015857 =
NNNN
