UZNT13 KWBC 232317
XXAA  73211 99278 70864 08176 99011 29649 07510 00096 28643 08510
92785 23025 08506 85518 18450 06505 70165 11462 04503 50589 05161
14006 40761 15550 21006 30972 30741 19519 25098 40762 24520 20246
52956 26547 15426 66963 27521 10666 733// 35513 88999 77999
31313 09608 82044
61616 NA872 WX09A HARVEY       OB 09 CCA
62626 SPL 2782N08635W 2101 MBL WND 07509 AEV 33431 CORRECTED RPT
 DLM WND 24504 010808 WL150 08510 081 REL 2782N08639W 204401 =
XXBB  73218 99278 70864 08176 00011 29649 11943 23807 22900 21437
33869 18817 44850 18450 55823 17658 66812 17668 77797 17265 88786
17070 99752 15072 11730 13266 22721 12459 33682 10669 44653 07858
55598 03057 66589 02261 77560 00357 88553 00765 99545 01359 11535
01381 22531 01579 33524 02361 44479 07361 55467 08368 66453 09763
77444 10370 88419 12964 99409 14365 11403 15349 22390 17150 33385
17722 44349 22935 55332 25714 66292 32156 77277 35120 88268 36556
99252 40162 11222 47145 22204 51756 33139 70365 44123 70188 55110
735//
21212 00011 07510 11009 07010 22004 10511 33991 06510 44919 09505
55850 06505 66798 13010 77345 21505 88304 19019 99276 23015 11244
25019 22227 27033 33213 26545 44172 27553 55157 28530 66151 27521
77138 23022 88133 24023 99129 27017 11126 23517 22118 32517 33114
33013 44110 30011 55107 30510
31313 09608 82044
61616 NA872 WX09A HARVEY       OB 09 CCA
62626 SPL 2782N08635W 2101 MBL WND 07509 AEV 33431 CORRECTED RPT
 DLM WND 24504 010808 WL150 08510 081 REL 2782N08639W 204401 =
XXCC  7321/ 99278 70864 08176 88999 77863 28083 4////
31313 09608 82044
51515 10190 70874
61616 NA872 WX09A HARVEY       OB 09 CCA
62626 SPL 2782N08635W 2101 MBL WND 07509 AEV 33431 CORRECTED RPT
 DLM WND 24504 010808 WL150 08510 081 REL 2782N08639W 204401 =
XXDD  7321/ 99278 70864 08176 11808 727//
21212 11965 01515 22936 03510 33889 33002 44883 28010 55878 27524
66863 28083 77808 00506
31313 09608 82044
51515 10190 70874
61616 NA872 WX09A HARVEY       OB 09 CCA
62626 SPL 2782N08635W 2101 MBL WND 07509 AEV 33431 CORRECTED RPT
 DLM WND 24504 010808 WL150 08510 081 REL 2782N08639W 204401 =
NNNN
