UZNT13 KWBC 232108
XXAA  73201 99282 70916 08281 99013 27650 ///// 00112 27035 10511
92800 23256 05009 85534 18444 08512 70168 07018 11521 50588 04556
32512 40759 16523 24519 30970 30941 20019 25097 40368 23036 20245
52363 21552 15425 64364 25015 10669 735// 34006 88999 77999
31313 09608 81952
61616 NA872 WX09A HARVEY       OB 05
62626 LST WND 013 MBL WND 09010 AEV 33431 DLM WND 18506 011833 WL
150 11011 088 REL 2815N09160W 195209 SPG 2819N09158W 200918 =
XXBB  73208 99282 70916 08281 00013 27650 11958 24416 22923 23256
33850 18444 44635 02205 55601 00409 66556 00440 77535 01934 88528
01956 99507 03757 11477 07737 22437 11750 33381 18523 44314 28142
55296 31950 66287 33368 77247 40768 88222 46560 99161 62562 11126
68989 22110 729//
21212 00013 ///// 11011 16505 22009 11011 33005 10512 44993 10511
55984 08508 66954 06511 77900 08006 88883 10011 99850 08512 11809
08013 22773 12012 33734 10022 44716 12021 55684 12024 66638 13521
77595 09513 88579 07013 99565 08517 11557 10510 22537 34501 33512
34012 44485 30510 55469 33510 66441 30014 77427 30517 88414 29018
99401 24519 11387 23517 22378 20522 33367 21522 44350 20022 55308
20016 66296 20019 77268 23032 88207 21554 99160 24533 11150 24515
22145 28014 33140 27013 44136 28007 55115 02510 66113 04011 77110
03510
31313 09608 81952
61616 NA872 WX09A HARVEY       OB 05
62626 LST WND 013 MBL WND 09010 AEV 33431 DLM WND 18506 011833 WL
150 11011 088 REL 2815N09160W 195209 SPG 2819N09158W 200918 =
XXCC  7320/ 99282 70916 08281 88999 77999
31313 09608 81952
51515 10190 70875
61616 NA872 WX09A HARVEY       OB 05
62626 LST WND 013 MBL WND 09010 AEV 33431 DLM WND 18506 011833 WL
150 11011 088 REL 2815N09160W 195209 SPG 2819N09158W 200918 =
XXDD  7320/ 99282 70916 08281 11833 735//
21212 11917 16001 22905 25512 33898 25521 44833 08510
31313 09608 81952
51515 10190 70875
61616 NA872 WX09A HARVEY       OB 05
62626 LST WND 013 MBL WND 09010 AEV 33431 DLM WND 18506 011833 WL
150 11011 088 REL 2815N09160W 195209 SPG 2819N09158W 200918 =
NNNN
