UZNT13 KWBC 241226
XXAA  74101 99252 70936 08253 99006 26416 06525 00057 25816 07528
92741 22215 07529 85475 18418 08525 70116 09200 07025 50584 04101
06022 40757 13905 13506 30970 27931 12513 25098 38533 11033 20247
51548 13539 15427 67763 16038 10664 759// 04519 88121 771// 21016
77999
31313 09608 80951
61616 NA872 WX09A HARVEY       OB 72
62626 SPL 2521N09373W 1008 MBL WND 07531 AEV 33431 DLM WND 08520
 006626 WL150 07528 081 REL 2520N09363W 095119 =
XXBB  74108 99252 70936 08253 00006 26416 11850 18418 22510 03301
33449 08120 44400 13905 55376 16738 66295 28730 77257 36734 88195
52950 99138 71766 11118 777// 22110 729//
21212 00006 06525 11003 07528 22965 08034 33931 07528 44908 08530
55850 08525 66637 05529 77462 06013 88452 08512 99445 07010 11409
09010 22358 05514 33347 03014 44319 13504 55283 12027 66252 11033
77223 13526 88195 13543 99150 16038 11131 19023 22125 21520 33119
21015 44116 22510 55114 28505 66111 03010 77110 03514 88106 02521
31313 09608 80951
61616 NA872 WX09A HARVEY       OB 72
62626 SPL 2521N09373W 1008 MBL WND 07531 AEV 33431 DLM WND 08520
 006626 WL150 07528 081 REL 2520N09363W 095119 =
XXCC  74107 99252 70936 08253 70877 705// 10519 88971 771// 05019
77999
31313 09608 80951
51515 10190 50073
61616 NA872 WX09A HARVEY       OB 72
62626 SPL 2521N09373W 1008 MBL WND 07531 AEV 33431 DLM WND 08520
 006626 WL150 07528 081 REL 2520N09363W 095119 =
XXDD  7410/ 99252 70936 08253 11953 775// 22880 733// 33804 711//
44626 701//
21212 11857 07517 22818 05520 33776 09522 44736 09021 55702 10519
66671 11542 77626 10031
31313 09608 80951
51515 10190 50073
61616 NA872 WX09A HARVEY       OB 72
62626 SPL 2521N09373W 1008 MBL WND 07531 AEV 33431 DLM WND 08520
 006626 WL150 07528 081 REL 2520N09363W 095119 =
NNNN
