UZNT13 KWBC 240521
XXAA  74041 99222 70900 08120 99007 27818 ///// 00064 27021 16031
92752 23420 14541 85488 19427 15040 70138 10840 15535 50588 04908
18513 40760 13959 21026 30973 28128 22515 25101 38742 24015 20250
52150 20017 15429 68763 25510 10665 733// 06032 88129 74987 31012
77999
31313 09608 80429
61616 NA872 WX09A HARVEY       OB 46
62626 LST WND 017 MBL WND 15535 AEV 33429 DLM WND 17020 005680 WL
150 15531 091 REL 2225N09000W 042930 SPG 2233N09001W 044728 =
XXBB  74048 99222 70900 08120 00007 27818 11920 23218 22908 23049
33890 21620 44850 19427 55803 17450 66714 11019 77687 10856 88615
06045 99514 03704 11472 06738 22442 09727 33427 10556 44420 11547
55390 15164 66371 17558 77360 19559 88355 19934 99349 20725 11308
26929 22263 35734 33198 52956 44132 74987 55110 74987 66105 74387
21212 00007 ///// 11005 15525 22003 16031 33976 15034 44948 15044
55899 15038 66850 15040 77703 15536 88642 15019 99583 17512 11540
20019 22506 20018 33498 18012 44489 20017 55477 19019 66455 19515
77410 21533 88366 20521 99356 22021 11344 19012 22329 21509 33306
23015 44285 21517 55258 24519 66244 22013 77220 22014 88189 19020
99150 25510 11137 30513 22134 29016 33129 31510 44126 36004 55120
05010 66115 02014 77110 02518 88106 36013 99105 01013 11103 04022
22101 05035
31313 09608 80429
61616 NA872 WX09A HARVEY       OB 46
62626 LST WND 017 MBL WND 15535 AEV 33429 DLM WND 17020 005680 WL
150 15531 091 REL 2225N09000W 042930 SPG 2233N09001W 044728 =
XXCC  74047 99222 70900 08120 70875 727// 17012 88999 77999
31313 09608 80429
51515 10190 50071
61616 NA872 WX09A HARVEY       OB 46
62626 LST WND 017 MBL WND 15535 AEV 33429 DLM WND 17020 005680 WL
150 15531 091 REL 2225N09000W 042930 SPG 2233N09001W 044728 =
XXDD  7404/ 99222 70900 08120 11680 727//
21212 11929 09017 22877 07508 33861 05511 44845 07019 55784 07029
66745 10017 77738 12511 88734 16009 99730 19511 11726 21515 22680
14015
31313 09608 80429
51515 10190 50071
61616 NA872 WX09A HARVEY       OB 46
62626 LST WND 017 MBL WND 15535 AEV 33429 DLM WND 17020 005680 WL
150 15531 091 REL 2225N09000W 042930 SPG 2233N09001W 044728 =
NNNN
