UZNT13 KWBC 240556
XXAA  74051 99249 70943 08244 99007 28850 06521 00060 28246 07522
92748 22419 07525 85481 18226 07521 70123 10034 05519 50585 04926
06515 40758 13364 03508 30971 28957 15509 25098 39356 15521 20247
51950 16526 15427 66961 20526 10665 731// 07014 88117 76386 12516
77999
31313 09608 80525
61616 NA872 WX09A HARVEY       OB 51
62626 MBL WND 07023 AEV 33429 DLM WND 08012 006675 WL150 07023 08
1 REL 2486N09429W 052553 SPG 2486N09436W 054341 =
XXBB  74058 99249 70943 08244 00007 28850 11932 22819 22850 18226
33782 13809 44734 12237 55633 05633 66626 05011 77565 01040 88521
03156 99503 04719 11478 06550 22468 06765 33460 07358 44445 08558
55386 14767 66362 18372 77340 22163 88329 23578 99322 24165 11296
29757 22277 33357 33209 49356 44192 54347 55130 73364 66115 76786
77110 74587 88106 72788
21212 00007 06521 11910 08026 22850 07521 33532 04519 44521 04017
55502 06515 66469 04010 77326 00000 88280 15515 99258 14521 11247
16023 22215 15522 33167 19530 44139 20511 55133 17507 66126 10010
77113 14511 88110 06510 99107 06015 11102 08017
31313 09608 80525
61616 NA872 WX09A HARVEY       OB 51
62626 MBL WND 07023 AEV 33429 DLM WND 08012 006675 WL150 07023 08
1 REL 2486N09429W 052553 SPG 2486N09436W 054341 =
XXCC  74057 99249 70943 08244 70875 717// 11543 88999 77999
31313 09608 80525
51515 10190 50071
61616 NA872 WX09A HARVEY       OB 51
62626 MBL WND 07023 AEV 33429 DLM WND 08012 006675 WL150 07023 08
1 REL 2486N09429W 052553 SPG 2486N09436W 054341 =
XXDD  7405/ 99249 70943 08244 11899 755// 22675 713//
21212 11873 03519 22831 07018 33802 07026 44764 10032 55725 11558
66675 10528
31313 09608 80525
51515 10190 50071
61616 NA872 WX09A HARVEY       OB 51
62626 MBL WND 07023 AEV 33429 DLM WND 08012 006675 WL150 07023 08
1 REL 2486N09429W 052553 SPG 2486N09436W 054341 =
NNNN
