UZNT13 KWBC 240352
XXAA  74031 99229 70949 08224 99007 28833 ///// 00063 28028 /////
92751 22418 05515 85484 18808 04017 70135 11644 01015 50587 03157
35516 40760 14767 35007 30972 28775 28005 25099 39373 16512 20248
51163 18019 15428 66762 16527 10665 753// 08516 88111 76186 06018
77999
31313 09608 80323
61616 NA872 WX09A HARVEY       OB 40
62626 LST WND 063 MBL WND 05015 AEV 33429 DLM WND 03507 000690 WL
150 04515 138 REL 2290N09492W 032340 SPG 2288N09494W 034136 =
XXBB  74038 99229 70949 08224 00007 28833 11942 23000 22917 22227
33850 18808 44731 12610 55690 11056 66679 10236 77598 03620 88582
02650 99560 01048 11554 00659 22538 00756 33532 00964 44527 01358
55521 01563 66514 02356 77502 02957 88469 06562 99442 09557 11436
10162 22427 11158 33409 13567 44393 15964 55340 22581 66318 25570
77270 34775 88203 50164 99179 57757 11125 74587 22110 76386 33106
76186
21212 00007 ///// 11000 04014 22928 05516 33901 04016 44850 04017
55800 04016 66673 36015 77648 02013 88581 35012 99562 01513 11542
02012 22497 36017 33431 35510 44322 19501 55244 15510 66228 18514
77220 17017 88182 18520 99167 17027 11144 16527 22136 19021 33124
16006 44119 09010 55110 06018 66104 05025
31313 09608 80323
61616 NA872 WX09A HARVEY       OB 40
62626 LST WND 063 MBL WND 05015 AEV 33429 DLM WND 03507 000690 WL
150 04515 138 REL 2290N09492W 032340 SPG 2288N09494W 034136 =
XXCC  74037 99229 70949 08224 70875 701// 05034 88999 77999
31313 09608 80323
51515 10190 50074
61616 NA872 WX09A HARVEY       OB 40
62626 LST WND 063 MBL WND 05015 AEV 33429 DLM WND 03507 000690 WL
150 04515 138 REL 2290N09492W 032340 SPG 2288N09494W 034136 =
XXDD  7403/ 99229 70949 08224 11912 757// 22690 699//
21212 11993 08515 22957 07013 33892 06506 44875 04510 55868 05013
66867 06519 77839 08028 88813 08525 99768 06028 11736 03049 22690
06031
31313 09608 80323
51515 10190 50074
61616 NA872 WX09A HARVEY       OB 40
62626 LST WND 063 MBL WND 05015 AEV 33429 DLM WND 03507 000690 WL
150 04515 138 REL 2290N09492W 032340 SPG 2288N09494W 034136 =
NNNN
