UZNT13 KWBC 241254
XXAA  74101 99264 70952 08265 99008 29047 ///// 00070 28443 07513
92759 22215 07513 85491 18241 08515 70130 09050 02515 50585 04934
05016 40758 14965 04516 30969 28963 11009 25097 39360 18522 20246
51366 18023 15426 66563 19020 10663 757// 01522 88112 767// 12505
77999
31313 09608 81009
61616 NA872 WX09A HARVEY       OB 75
62626 LST WND 019 MBL WND 07512 AEV 33431 DLM WND 08010 006633 WL
150 07511 093 REL 2640N09519W 100953 SPG 2640N09524W 102732 =
XXBB  74108 99264 70952 08265 00008 29047 11939 23008 22850 18241
33802 15241 44793 15058 55750 11618 66741 11240 77704 09239 88690
08458 99680 07856 11667 07260 22653 05848 33646 05861 44600 02840
55534 01556 66520 02757 77497 05131 88486 06157 99473 06950 11462
07763 22454 08359 33435 11141 44420 12363 55387 16569 66377 17963
77371 18572 88358 19776 99331 23967 11312 26975 22291 30759 33285
31565 44268 35358 55246 40360 66222 46160 77211 48569 88196 52365
99131 73165 11124 729// 22110 769//
21212 00008 ///// 11006 25006 22005 25502 33002 07009 44997 07515
55963 07011 66939 06513 77905 09012 88850 08515 99773 06511 11738
03014 22697 02515 33684 01014 44585 06519 55526 06015 66473 03017
77445 04518 88421 03516 99377 06519 11346 05523 22331 06523 33312
07512 44290 14508 55286 18010 66283 18513 77261 19514 88217 17028
99161 19034 11146 19019 22138 16520 33128 16027 44124 18011 55122
17505 66110 11004 77106 36010
31313 09608 81009
61616 NA872 WX09A HARVEY       OB 75
62626 LST WND 019 MBL WND 07512 AEV 33431 DLM WND 08010 006633 WL
150 07511 093 REL 2640N09519W 100953 SPG 2640N09524W 102732 =
XXCC  74107 99264 70952 08265 70877 697// 09521 88999 77999
31313 09608 81009
51515 10190 50074
61616 NA872 WX09A HARVEY       OB 75
62626 LST WND 019 MBL WND 07512 AEV 33431 DLM WND 08010 006633 WL
150 07511 093 REL 2640N09519W 100953 SPG 2640N09524W 102732 =
XXDD  7410/ 99264 70952 08265 11874 755// 22810 723// 33633 681//
21212 11997 01522 22956 06017 33928 10512 44909 10510 55887 07016
66826 05514 77793 09528 88763 10524 99728 08520 11701 09521 22678
11036 33633 10027
31313 09608 81009
51515 10190 50074
61616 NA872 WX09A HARVEY       OB 75
62626 LST WND 019 MBL WND 07512 AEV 33431 DLM WND 08010 006633 WL
150 07511 093 REL 2640N09519W 100953 SPG 2640N09524W 102732 =
NNNN
