UZNT13 KWBC 240814
XXAA  74081 99249 70931 08243 99007 27628 08027 00063 27032 08031
92749 22236 09040 85482 18026 09531 70123 09817 09513 50585 03705
11519 40758 12715 13523 30971 28729 12514 25099 38134 12535 20249
51350 13539 15428 66963 17028 10665 731// 04517 88119 775// 19509
77999
31313 09608 80732
61616 NA872 WX09A HARVEY       OB 56
62626 MBL WND 08534 AEV 33431 DLM WND 11021 006666 WL150 08030 08
4 REL 2487N09308W 073211 SPG 2491N09318W 074942 =
XXBB  74088 99249 70931 08243 00007 27628 11850 18026 22685 09017
33595 01604 44492 04306 55403 12315 66307 27527 77247 38735 88197
52356 99136 72366 11117 779// 22110 749// 33102 729//
21212 00007 08027 11003 08030 22979 08032 33964 08538 44905 09542
55850 09531 66739 09022 77714 06517 88698 09514 99676 09515 11649
11515 22630 10517 33619 12015 44583 12016 55561 14012 66538 13011
77490 10016 88452 13010 99406 13026 11383 14015 22346 10511 33325
15006 44305 11516 55286 14017 66279 12022 77219 13043 88164 14540
99159 16535 11119 19510 22113 28001 33111 03010 44110 03513 55106
07513 66100 04516
31313 09608 80732
61616 NA872 WX09A HARVEY       OB 56
62626 MBL WND 08534 AEV 33431 DLM WND 11021 006666 WL150 08030 08
4 REL 2487N09308W 073211 SPG 2491N09318W 074942 =
XXCC  74087 99249 70931 08243 70877 717// 12060 88968 743// 04519
77714 12072 458//
31313 09608 80732
51515 10190 50073
61616 NA872 WX09A HARVEY       OB 56
62626 MBL WND 08534 AEV 33431 DLM WND 11021 006666 WL150 08030 08
4 REL 2487N09308W 073211 SPG 2491N09318W 074942 =
XXDD  7408/ 99249 70931 08243 11951 745// 22666 715//
21212 11895 04021 22842 08019 33762 09527 44735 10537 55714 12072
66666 12033
31313 09608 80732
51515 10190 50073
61616 NA872 WX09A HARVEY       OB 56
62626 MBL WND 08534 AEV 33431 DLM WND 11021 006666 WL150 08030 08
4 REL 2487N09308W 073211 SPG 2491N09318W 074942 =
NNNN
