UZNT13 KWBC 241158
XXAA  74101 99241 70922 08242 99000 25800 ///// 00002 25800 /////
92688 21800 08550 85421 18200 10053 70067 09808 11044 50580 03306
11045 40754 12116 11547 30969 25329 12566 25098 36538 14039 20248
50556 12021 15428 67163 09511 10664 745// 03521 88117 799// 10509
77298 12569 40929
31313 09608 80934
61616 NA872 WX09A HARVEY       OB 70
62626 LST WND 013 MBL WND 07545 AEV 33431 DLM WND 10540 999610 WL
150 07040 087 REL 2411N09224W 093418 SPG 2418N09244W 095208 =
XXBB  74108 99241 70922 08242 00000 25800 11850 18200 22729 11800
33717 11019 44535 00502 55424 09513 66344 18723 77293 26530 88248
36938 99197 51556 11136 72765 22116 803// 33110 771//
21212 00000 ///// 11999 06035 22993 06541 33974 07542 44960 07550
55907 08553 66897 09050 77877 09557 88850 10053 99570 11037 11373
12049 22298 12569 33269 13041 44240 14532 55215 13540 66199 12021
77192 09021 88184 10014 99180 08010 11167 03517 22162 04513 33156
08007 44151 09011 55146 13019 66131 13525 77122 13516 88118 11010
99115 13004 11110 03012 22106 05020 33103 03021
31313 09608 80934
61616 NA872 WX09A HARVEY       OB 70
62626 LST WND 013 MBL WND 07545 AEV 33431 DLM WND 10540 999610 WL
150 07040 087 REL 2411N09224W 093418 SPG 2418N09244W 095208 =
XXCC  74107 99241 70922 08242 70879 705// 11012 88999 77999
31313 09608 80934
51515 10190 50073
61616 NA872 WX09A HARVEY       OB 70
62626 LST WND 013 MBL WND 07545 AEV 33431 DLM WND 10540 999610 WL
150 07040 087 REL 2411N09224W 093418 SPG 2418N09244W 095208 =
XXDD  7410/ 99241 70922 08242 11794 699// 22610 711//
21212 11949 03528 22879 04524 33854 07018 44761 10520 55694 11511
66656 12030 77610 09525
31313 09608 80934
51515 10190 50073
61616 NA872 WX09A HARVEY       OB 70
62626 LST WND 013 MBL WND 07545 AEV 33431 DLM WND 10540 999610 WL
150 07040 087 REL 2411N09224W 093418 SPG 2418N09244W 095208 =
NNNN
