UZNT13 KWBC 241132
XXAA  74091 99232 70917 08231 99002 25400 15032 00013 25200 15033
92699 22600 15541 85434 20050 15546 70084 10000 17540 50581 04107
21032 40755 13117 20026 30968 27532 18528 25096 37336 20524 20246
51143 20523 15426 67762 16507 10663 725// 08018 88123 783// 33013
77999
31313 09608 80912
61616 NA872 WX09A HARVEY       OB 67
62626 MBL WND 15535 AEV 33431 DLM WND 17527 001621 WL150 15533 08
3 REL 2320N09168W 091219 SPG 2332N09167W 093024 =
XXBB  74098 99232 70917 08231 00002 25400 11921 22000 22917 21425
33882 21856 44850 20050 55803 17648 66747 12600 77487 05107 88359
18122 99305 26531 11233 41335 22204 49739 33167 61558 44134 73965
55122 785// 66118 777// 77114 739// 88110 739// 99102 723//
21212 00002 15032 11974 15537 22938 15537 33900 15045 44850 15546
55633 19533 66583 19043 77459 21525 88435 22026 99332 17533 11269
19020 22244 21523 33202 20524 44189 20517 55172 17016 66168 17510
77164 19504 88140 35011 99129 34014 11125 32513 22118 34014 33116
35514 44114 05517 55110 06520
31313 09608 80912
61616 NA872 WX09A HARVEY       OB 67
62626 MBL WND 15535 AEV 33431 DLM WND 17527 001621 WL150 15533 08
3 REL 2320N09168W 091219 SPG 2332N09167W 093024 =
XXCC  74097 99232 70917 08231 70877 719// 09009 88918 745// 06018
77999
31313 09608 80912
51515 10190 50070
61616 NA872 WX09A HARVEY       OB 67
62626 MBL WND 15535 AEV 33431 DLM WND 17527 001621 WL150 15533 08
3 REL 2320N09168W 091219 SPG 2332N09167W 093024 =
XXDD  7409/ 99232 70917 08231 11892 747// 22804 721// 33621 717//
21212 11998 08018 22912 06019 33827 09022 44802 06522 55773 08023
66702 08510 77685 16503 88677 23511 99666 25027 11621 06509
31313 09608 80912
51515 10190 50070
61616 NA872 WX09A HARVEY       OB 67
62626 MBL WND 15535 AEV 33431 DLM WND 17527 001621 WL150 15533 08
3 REL 2320N09168W 091219 SPG 2332N09167W 093024 =
NNNN
