UZNT13 KWBC 232326
XXAA  73221 99274 70888 08178 99011 29448 ///// 00097 28444 11010
92786 23856 08012 85520 19459 07009 70165 09850 10008 50588 05316
15518 40760 15522 21010 30971 30139 23512 25098 40146 25528 20247
52356 24045 15426 66563 24539 10667 743// 35015 88999 77999
31313 09608 82140
61616 NA872 WX09A HARVEY       OB 13
62626 LST WND 015 MBL WND 10010 AEV 33431 DLM WND 19506 009778 WL
150 10509 089 REL 2735N08877W 214035 SPG 2738N08875W 215758 =
XXBB  73228 99274 70888 08178 00011 29448 11963 25424 22911 23460
33880 21258 44872 21063 55863 20058 66850 19459 77828 18867 88780
15868 99772 15061 11742 13263 22694 09443 33680 08650 44667 07863
55658 06843 66604 01204 77577 00507 88543 02557 99533 03336 11529
03758 22523 03925 33518 04147 44507 04712 55488 06335 66474 07708
77459 08525 88388 16725 99358 20914 11320 26533 22260 37750 33193
54156 44156 66162 55120 70988 66110 727//
21212 00011 ///// 11009 16004 22005 10510 33003 11011 44850 07009
55818 05010 66646 13503 77554 15517 88518 13518 99507 15518 11495
15019 22453 19014 33439 18513 44400 21010 55375 20011 66360 21512
77340 20511 88325 21507 99290 24013 11270 27020 22225 23039 33185
24555 44157 24548 55139 25518 66132 22518 77127 24511 88124 24014
99117 33010 11110 34009 22101 33512
31313 09608 82140
61616 NA872 WX09A HARVEY       OB 13
62626 LST WND 015 MBL WND 10010 AEV 33431 DLM WND 19506 009778 WL
150 10509 089 REL 2735N08877W 214035 SPG 2738N08875W 215758 =
XXCC  7322/ 99274 70888 08178 88999 77837 08613 499//
31313 09608 82140
51515 10190 70878
61616 NA872 WX09A HARVEY       OB 13
62626 LST WND 015 MBL WND 10010 AEV 33431 DLM WND 19506 009778 WL
150 10509 089 REL 2735N08877W 214035 SPG 2738N08875W 215758 =
XXDD  7322/ 99274 70888 08178 11993 745// 22778 691//
21212 11881 06511 22857 08534 33837 08613 44778 05514
31313 09608 82140
51515 10190 70878
61616 NA872 WX09A HARVEY       OB 13
62626 LST WND 015 MBL WND 10010 AEV 33431 DLM WND 19506 009778 WL
150 10509 089 REL 2735N08877W 214035 SPG 2738N08875W 215758 =
NNNN
