UZNT13 KWBC 240334
XXAA  74031 99266 70952 08265 99010 29041 08512 00089 28238 08512
92778 22836 09017 85511 19057 07516 70153 09660 05513 50587 05161
05017 40760 14365 02516 30971 29773 04008 25099 40173 19512 20247
51166 19519 15427 66962 21502 10667 723// 34512 88126 72588 07001
77999
31313 09608 80240
61616 NA872 WX09A HARVEY       OB 37
62626 SPL 2658N09526W 0258 MBL WND 08012 AEV 33429 DLM WND 06009
 009699 WL150 08512 083 REL 2659N09522W 024046 =
XXBB  74038 99266 70952 08265 00010 29041 11941 23211 22912 22456
33850 19057 44780 14858 55770 14665 66762 14060 77662 07259 88656
06656 99648 06058 11642 05645 22619 04056 33608 03235 44589 02658
55570 00856 66565 00660 77508 04358 88493 05961 99467 07960 11461
08556 22447 09961 33436 10925 44429 11562 55425 11958 66417 12758
77392 14773 88344 21978 99334 23964 11319 26762 22293 31170 33281
33760 44260 37971 55210 48169 66170 60761 77131 71966 88110 72987
99109 73187 11105 739//
21212 00010 08512 11964 07513 22942 09013 33915 08518 44850 07516
55818 06016 66763 07017 77730 05513 88669 05016 99611 02015 11600
03514 22589 02012 33549 04015 44534 06017 55512 04520 66461 05009
77453 06011 88378 01519 99348 01514 11340 00515 22313 02510 33279
08501 44250 19512 55215 21014 66200 19519 77183 20026 88168 20519
99151 24002 11132 06512 22130 06510 33125 13501 44110 17017 55104
20510 66102 26506 77100 33511
31313 09608 80240
61616 NA872 WX09A HARVEY       OB 37
62626 SPL 2658N09526W 0258 MBL WND 08012 AEV 33429 DLM WND 06009
 009699 WL150 08512 083 REL 2659N09522W 024046 =
XXCC  74037 99266 70952 08265 70876 701// 10018 88999 77752 15579
477//
31313 09608 80240
51515 10190 50076
61616 NA872 WX09A HARVEY       OB 37
62626 SPL 2658N09526W 0258 MBL WND 08012 AEV 33429 DLM WND 06009
 009699 WL150 08512 083 REL 2659N09522W 024046 =
XXDD  7403/ 99266 70952 08265 11996 723// 22923 743// 33699 701//
21212 11962 36019 22900 04016 33898 05016 44863 08516 55824 09514
66805 08014 77790 07519 88770 11530 99752 15579 11699 09518
31313 09608 80240
51515 10190 50076
61616 NA872 WX09A HARVEY       OB 37
62626 SPL 2658N09526W 0258 MBL WND 08012 AEV 33429 DLM WND 06009
 009699 WL150 08512 083 REL 2659N09522W 024046 =
NNNN
