UZNT13 KWBC 240220
XXAA  74021 99242 70918 08241 99007 26818 06025 00063 26415 06528
92749 22228 08032 85481 18837 09033 70129 10210 14516 50586 03507
14024 40759 12517 14526 30973 27329 15023 25102 38138 16026 20251
51748 15527 15430 68762 14520 10667 749// 06513 88133 74764 15024
88120 74987 01005 77999
31313 09608 80153
61616 NA872 WX09A HARVEY       OB 99
62626 MBL WND 06529 AEV 33429 DLM WND 12019 006710 WL150 06528 08
3 REL 2416N09183W 015305 SPG 2421N09192W 021054 =
XXBB  74028 99242 70918 08241 00007 26818 11954 23001 22939 22826
33850 18837 44716 11613 55586 00601 66504 03106 77372 15921 88301
27129 99237 41139 11186 55556 22134 74564 33127 73970 44116 75587
55110 73787 66108 74187
21212 00007 06025 11992 06529 22850 09033 33752 10517 44735 13016
55699 14516 66671 14011 77628 12012 88568 15519 99486 13025 11378
15525 22203 16026 33173 13025 44156 13520 55140 16020 66134 15024
77126 14010 88123 28001 99113 00514 11110 04022 22100 06513
31313 09608 80153
61616 NA872 WX09A HARVEY       OB 99
62626 MBL WND 06529 AEV 33429 DLM WND 12019 006710 WL150 06528 08
3 REL 2416N09183W 015305 SPG 2421N09192W 021054 =
XXCC  7402/ 99242 70918 08241 88999 77758 06573 467//
31313 09608 80153
51515 10190 70875
61616 NA872 WX09A HARVEY       OB 99
62626 MBL WND 06529 AEV 33429 DLM WND 12019 006710 WL150 06528 08
3 REL 2416N09183W 015305 SPG 2421N09192W 021054 =
XXDD  7402/ 99242 70918 08241 11934 767// 22710 707//
21212 11936 05011 22891 18001 33874 06010 44840 08519 55788 07527
66758 06573 77710 07537
31313 09608 80153
51515 10190 70875
61616 NA872 WX09A HARVEY       OB 99
62626 MBL WND 06529 AEV 33429 DLM WND 12019 006710 WL150 06528 08
3 REL 2416N09183W 015305 SPG 2421N09192W 021054 =
NNNN
