UZNT13 KWBC 232038
XXAA  73191 99273 70951 08275 99013 29450 ///// 00115 28247 05512
92803 22429 05014 85535 17836 05015 70173 10464 06508 50589 05962
02004 40761 15360 02015 30972 30764 36007 25099 41163 04507 20246
53359 16005 15427 63765 34518 10668 739// 09507 88999 77999
31313 09608 81915
61616 NA872 WX09A HARVEY       OB 02
62626 LST WND 015 AEV 33431 DLM WND 04508 011834 WL150 05512 090
 REL 2731N09511W 191556 SPG 2729N09514W 193215 =
XXBB  73198 99273 70951 08275 00013 29450 11963 25026 22850 17836
33830 16857 44735 11656 55713 11267 66682 08662 77662 07668 88639
05658 99617 05261 11533 03356 22502 05763 33497 06159 44468 08163
55444 11550 66434 12559 77425 12956 88420 12966 99416 12966 11392
16556 22349 21961 33278 34768 44265 37761 55196 54560 66154 62365
77123 70367 88110 745// 99101 749//
21212 00013 ///// 11011 06010 22850 05015 33543 10510 44509 05502
55457 02512 66379 02018 77321 02010 88175 22501 99161 33510 11155
32513 22146 36015 33138 03512 44129 02013 55118 06514 66110 06519
77106 09021 88101 09510
31313 09608 81915
61616 NA872 WX09A HARVEY       OB 02
62626 LST WND 015 AEV 33431 DLM WND 04508 011834 WL150 05512 090
 REL 2731N09511W 191556 SPG 2729N09514W 193215 =
XXCC  7319/ 99273 70951 08275 88999 77999
31313 09608 81915
51515 10190 70876
61616 NA872 WX09A HARVEY       OB 02
62626 LST WND 015 AEV 33431 DLM WND 04508 011834 WL150 05512 090
 REL 2731N09511W 191556 SPG 2729N09514W 193215 =
XXDD  7319/ 99273 70951 08275 11977 723// 22904 737// 33886 713//
44834 741//
21212 11985 14003 22834 06515
31313 09608 81915
51515 10190 70876
61616 NA872 WX09A HARVEY       OB 02
62626 LST WND 015 AEV 33431 DLM WND 04508 011834 WL150 05512 090
 REL 2731N09511W 191556 SPG 2729N09514W 193215 =
NNNN
