UZNT13 KWBC 240157
XXAA  74011 99246 70884 08148 99010 29232 07517 00086 28429 09015
92776 23230 09517 85512 20056 10016 70161 11059 14014 50589 04940
16513 40761 15925 18514 30973 29358 22515 25100 39337 22521 20249
52937 26010 15427 67361 28012 10665 757// 04521 88128 73965 23015
77999
31313 09608 80120
61616 NA872 WX09A HARVEY       OB 30
62626 MBL WND 08515 AEV 33429 DLM WND 15008 008721 WL150 09015 08
6 REL 2456N08836W 012042 SPG 2459N08838W 013816 =
XXBB  74018 99246 70884 08148 00010 29232 11958 24804 22850 20056
33808 17242 44790 16458 55670 09262 66661 08257 77635 06045 88569
00857 99540 01730 11465 08134 22443 10357 33426 12531 44407 15147
55395 16512 66370 18549 77325 25139 88312 26959 99296 30158 11281
33138 22246 40137 33200 52737 44130 73765 55112 74387 66110 743//
21212 00010 07517 11001 09015 22850 10016 33782 10516 44701 14014
55616 13013 66586 16012 77573 15511 88554 18012 99530 16012 11512
17012 22504 15511 33475 18019 44444 16516 55432 18516 66392 18511
77382 20515 88360 20008 99341 22010 11303 22515 22290 21516 33265
23023 44201 26510 55190 25014 66157 30517 77148 26511 88142 22512
99132 22521 11125 22506 22110 01004 33101 04021
31313 09608 80120
61616 NA872 WX09A HARVEY       OB 30
62626 MBL WND 08515 AEV 33429 DLM WND 15008 008721 WL150 09015 08
6 REL 2456N08836W 012042 SPG 2459N08838W 013816 =
XXCC  7401/ 99246 70884 08148 88999 77773 11591 485//
31313 09608 80120
51515 10190 70873
61616 NA872 WX09A HARVEY       OB 30
62626 MBL WND 08515 AEV 33429 DLM WND 15008 008721 WL150 09015 08
6 REL 2456N08836W 012042 SPG 2459N08838W 013816 =
XXDD  7401/ 99246 70884 08148 11988 759// 22721 735//
21212 11964 05015 22932 08012 33909 06011 44873 08011 55813 07018
66790 08537 77773 11591 88721 09537
31313 09608 80120
51515 10190 70873
61616 NA872 WX09A HARVEY       OB 30
62626 MBL WND 08515 AEV 33429 DLM WND 15008 008721 WL150 09015 08
6 REL 2456N08836W 012042 SPG 2459N08838W 013816 =
NNNN
