UZPN13 KWBC 302253
XXAA  80221 99206 71128 08402 99003 26847 33011 00027 26644 32016
92714 24658 36014 85452 20041 02017 70104 11650 03516 50584 04736
03010 40757 13713 20501 30971 26534 14012 25100 37332 17014 20250
50159 13019 15431 65767 14032 10667 797// 10523 88999 77999
31313 09608 82211
61616 NA872 WX14E POTCYCLONE   OB 17
62626 MBL WND 32514 AEV 33431 DLM WND 05508 002776 WL150 32016 08
2 REL 2059N11285W 221140 SPG 2058N11289W 222904 =
XXBB  80228 99206 71128 08402 00003 26847 11971 24644 22953 25460
33898 23657 44850 20041 55780 15838 66739 14461 77721 13660 88689
10636 99627 05656 11620 05656 22613 06063 33609 05861 44578 02646
55507 04525 66496 04746 77485 05130 88475 05160 99449 08335 11413
12135 22400 13713 33374 15936 44305 25534 55262 34527 66205 48559
77145 67167 88110 789//
21212 00003 33011 11998 32017 22968 31515 33955 34513 44935 35013
55892 01517 66850 02017 77816 04011 88793 01514 99723 03024 11686
04015 22654 02018 33619 03514 44576 00516 55548 02515 66525 01012
77512 03510 88503 02510 99485 06011 11443 06011 22398 00000 33319
17510 44300 14512 55256 17015 66223 13510 77216 12512 88175 12028
99153 14534 11135 12539 22122 10520 33110 11023 44104 12521
31313 09608 82211
61616 NA872 WX14E POTCYCLONE   OB 17
62626 MBL WND 32514 AEV 33431 DLM WND 05508 002776 WL150 32016 08
2 REL 2059N11285W 221140 SPG 2058N11289W 222904 =
XXCC  8022/ 99206 71128 08402 88999 77831 13608 485//
31313 09608 82211
51515 10190 70878
61616 NA872 WX14E POTCYCLONE   OB 17
62626 MBL WND 32514 AEV 33431 DLM WND 05508 002776 WL150 32016 08
2 REL 2059N11285W 221140 SPG 2058N11289W 222904 =
XXDD  8022/ 99206 71128 08402 11978 801// 22776 647//
21212 11982 09527 22931 10023 33902 09031 44861 10539 55847 12055
66831 13608 77776 11533
31313 09608 82211
51515 10190 70878
61616 NA872 WX14E POTCYCLONE   OB 17
62626 MBL WND 32514 AEV 33431 DLM WND 05508 002776 WL150 32016 08
2 REL 2059N11285W 221140 SPG 2058N11289W 222904 =
NNNN
