UZPN13 KWBC 310839
XXAA  81081 99179 71210 04971 99009 25021 ///// 00079 24215 32004
92758 19000 18003 85484 17856 29508 70136 12461 02003 50586 07746
25508 40757 133// 25511 30971 279// 29512 25099 37379 27504 20249
50964 18017 15429 66563 18520 10665 771// 05514 88116 783// 11029
77999
31313 09608 80813
61616 NA872 WX14E POTCYCLONE   OB 59
62626 LST WND 046 MBL WND 31005 AEV 33419 DLM WND 23503 004648 WL
150 31504 120 REL 1788N12103W 081346 SPG 1790N12103W 083145 =
XXBB  81088 99179 71210 04971 00009 25021 11941 19600 22864 16412
33850 17856 44844 18861 55835 19061 66770 15858 77718 13863 88659
09258 99623 05860 11605 04057 22568 00864 33557 00767 44474 11713
55456 14114 66453 13723 77449 111// 88442 105// 99379 149// 11271
327// 22251 37180 33238 40177 44186 54962 55132 73165 66117 781//
77110 775// 88103 763//
21212 00009 ///// 11004 09518 22003 09012 33001 02503 44997 30007
55931 21001 66915 21005 77909 27501 88865 33009 99850 29508 11535
01001 22458 24011 33447 28014 44425 25016 55398 25511 66392 27511
77374 28518 88364 28016 99347 30017 11327 28014 22311 30015 33292
28513 44267 32010 55247 24504 66224 19510 77212 20014 88206 17515
99188 17031 11170 16525 22150 18520 33135 17011 44127 16512 55118
11524 66110 12530 77105 12519 88102 08010
31313 09608 80813
61616 NA872 WX14E POTCYCLONE   OB 59
62626 LST WND 046 MBL WND 31005 AEV 33419 DLM WND 23503 004648 WL
150 31504 120 REL 1788N12103W 081346 SPG 1790N12103W 083145 =
XXCC  81087 99179 71210 04971 70876 713// 10042 88958 779// 05525
77999
31313 09608 80813
51515 10190 50072
61616 NA872 WX14E POTCYCLONE   OB 59
62626 LST WND 046 MBL WND 31005 AEV 33419 DLM WND 23503 004648 WL
150 31504 120 REL 1788N12103W 081346 SPG 1790N12103W 083145 =
XXDD  8108/ 99179 71210 04971 11897 779// 22648 697//
21212 11994 05015 22957 05525 33904 07524 44864 11523 55829 09530
66793 11027 77742 08026 88721 09025 99695 10050 11648 09520
31313 09608 80813
51515 10190 50072
61616 NA872 WX14E POTCYCLONE   OB 59
62626 LST WND 046 MBL WND 31005 AEV 33419 DLM WND 23503 004648 WL
150 31504 120 REL 1788N12103W 081346 SPG 1790N12103W 083145 =
NNNN
