UZPN13 KWBC 310049
XXAA  81001 99179 71092 04779 99003 27015 23018 00031 26818 23023
92717 22022 25520 85450 18204 24517 70095 09410 23021 50583 03107
23522 40757 12316 24017 30971 26528 22011 25100 36935 21010 20250
49949 10014 15431 66363 04009 10666 821// 10027 88999 77999
31313 09608 82348
61616 NA872 WX14E POTCYCLONE   OB 25
62626 MBL WND 23520 AEV 33429 DLM WND 23013 003763 WL150 23522 08
1 REL 1789N10921W 234812 SPG 1792N10918W 000454 =
XXBB  81008 99179 71092 04779 00003 27015 11850 18204 22771 14001
33739 13042 44683 07803 55625 05601 66571 00803 77512 02106 88382
14321 99303 25928 11239 39535 22198 50750 33137 70766 44116 787//
55110 789//
21212 00003 23018 11999 23024 22979 23519 33905 27023 44871 25516
55850 24517 66758 22520 77721 24020 88673 22518 99554 23524 11448
24518 22433 23518 33347 23017 44316 21013 55305 22512 66291 20510
77278 21510 88268 19511 99250 21010 11209 10511 22188 09512 33173
04506 44146 04011 55116 06540 66110 09038 77104 11032 88100 10027
31313 09608 82348
61616 NA872 WX14E POTCYCLONE   OB 25
62626 MBL WND 23520 AEV 33429 DLM WND 23013 003763 WL150 23522 08
1 REL 1789N10921W 234812 SPG 1792N10918W 000454 =
XXCC  8100/ 99179 71092 04779 88999 77999
31313 09608 82348
51515 10190 70870
61616 NA872 WX14E POTCYCLONE   OB 25
62626 MBL WND 23520 AEV 33429 DLM WND 23013 003763 WL150 23522 08
1 REL 1789N10921W 234812 SPG 1792N10918W 000454 =
XXDD  8100/ 99179 71092 04779 11988 821// 22958 799// 33763 753//
21212 11920 09037 22848 13024 33824 12511 44814 10504 55763 11023
31313 09608 82348
51515 10190 70870
61616 NA872 WX14E POTCYCLONE   OB 25
62626 MBL WND 23520 AEV 33429 DLM WND 23013 003763 WL150 23522 08
1 REL 1789N10921W 234812 SPG 1792N10918W 000454 =
NNNN
