UZPN13 KWBC 311153
XXAA  81111 99217 71155 08415 99007 25624 ///// 00065 25022 32514
92748 24457 32011 85487 20850 32507 70139 09837 01506 50586 06118
12003 40758 14370 11518 30972 27374 18014 25100 37961 16512 20249
51561 20015 15430 66964 14524 10665 773// 08024 88109 799// 10518
77999
31313 09608 81043
61616 NA872 WX14E POTCYCLONE   OB 70
62626 LST WND 013 MBL WND 33015 AEV 33431 DLM WND 11003 006630 WL
150 32514 088 REL 2175N11552W 104332 SPG 2177N11554W 110138 =
XXBB  81118 99217 71155 08415 00007 25624 11948 21405 22936 24057
33930 24657 44850 20850 55782 17059 66718 11226 77708 10648 88681
08012 99632 04856 11594 02037 22567 00457 33548 01726 44481 07927
55472 08319 66458 08359 77441 10124 88426 11935 99419 12557 11406
14557 22399 14175 33395 13990 44356 17178 55329 21968 66279 30974
77240 40161 88171 59364 99135 71566 11110 799// 22104 801//
21212 00007 ///// 11006 32012 22948 33516 33925 32011 44883 33006
55876 27010 66869 31005 77850 32507 88629 02510 99621 03511 11546
33010 22504 06502 33468 13010 44449 10515 55406 10523 66394 13513
77365 17015 88348 16016 99313 18513 11290 17515 22284 18512 33266
15016 44245 17008 55217 20516 66185 19512 77177 18510 88171 15014
99151 15025 11147 14523 22129 17515 33120 11515 44110 10517
31313 09608 81043
61616 NA872 WX14E POTCYCLONE   OB 70
62626 LST WND 013 MBL WND 33015 AEV 33431 DLM WND 11003 006630 WL
150 32514 088 REL 2175N11552W 104332 SPG 2177N11554W 110138 =
XXCC  81117 99217 71155 08415 70879 707// 11528 88999 77999
31313 09608 81043
51515 10190 50074
61616 NA872 WX14E POTCYCLONE   OB 70
62626 LST WND 013 MBL WND 33015 AEV 33431 DLM WND 11003 006630 WL
150 32514 088 REL 2175N11552W 104332 SPG 2177N11554W 110138 =
XXDD  8111/ 99217 71155 08415 11929 747// 22859 749// 33820 729//
44630 693//
21212 11993 07526 22966 08527 33932 12520 44889 09028 55852 10533
66825 11025 77809 09517 88742 07025 99703 11027 11679 17549 22630
13027
31313 09608 81043
51515 10190 50074
61616 NA872 WX14E POTCYCLONE   OB 70
62626 LST WND 013 MBL WND 33015 AEV 33431 DLM WND 11003 006630 WL
150 32514 088 REL 2175N11552W 104332 SPG 2177N11554W 110138 =
NNNN
