UZPN13 KWBC 302109
XXAA  80201 99201 71134 08403 99007 26226 34008 00058 25825 32013
92743 23449 34013 85480 19821 04011 70130 12057 05017 50586 05733
01011 40759 13163 21010 30972 27160 15006 25101 37564 14517 20250
51148 14027 15430 67364 12035 10669 791// 09027 88999 77999
31313 09608 82028
61616 NA872 WX14E POTCYCLONE   OB 08
62626 MBL WND 31513 AEV 33431 DLM WND 06508 006845 WL150 32013 08
1 REL 2006N11338W 202841 SPG 2004N11342W 204603 =
XXBB  80208 99201 71134 08403 00007 26226 11968 23214 22954 24463
33947 24658 44850 19821 55807 17256 66774 14836 77702 12257 88663
08641 99607 04856 11511 04714 22493 05950 33482 07127 44457 09531
55451 09942 66443 10509 77432 11319 88427 11138 99424 10761 11418
10962 22414 11374 33406 12173 44398 13360 55390 14158 66379 15360
77343 20364 88330 22357 99304 26758 11294 28163 22280 31358 33252
37164 44222 44766 55206 49550 66191 53548 77142 70166 88134 703//
99110 787//
21212 00007 34008 11003 31513 22989 31014 33965 31014 44951 33511
55928 33513 66895 01515 77876 03010 88850 04011 99795 04515 11758
07022 22733 05019 33714 05523 44661 03515 55644 01511 66606 03514
77581 02514 88558 04013 99510 35010 11495 02010 22478 01513 33459
03512 44444 07510 55399 21010 66373 15511 77311 16001 88260 13510
99254 15014 11188 13031 22182 12031 33137 13528 44119 06519 55109
07527
31313 09608 82028
61616 NA872 WX14E POTCYCLONE   OB 08
62626 MBL WND 31513 AEV 33431 DLM WND 06508 006845 WL150 32013 08
1 REL 2006N11338W 202841 SPG 2004N11342W 204603 =
XXCC  8020/ 99201 71134 08403 88999 77999
31313 09608 82028
51515 10190 70869
61616 NA872 WX14E POTCYCLONE   OB 08
62626 MBL WND 31513 AEV 33431 DLM WND 06508 006845 WL150 32013 08
1 REL 2006N11338W 202841 SPG 2004N11342W 204603 =
XXDD  8020/ 99201 71134 08403 11845 785//
21212 11966 09023 22925 06032 33902 00531 44845 07021
31313 09608 82028
51515 10190 70869
61616 NA872 WX14E POTCYCLONE   OB 08
62626 MBL WND 31513 AEV 33431 DLM WND 06508 006845 WL150 32013 08
1 REL 2006N11338W 202841 SPG 2004N11342W 204603 =
NNNN
