UZPN13 KWBC 302205
XXAA  80211 99172 71098 04779 99005 26419 27016 00041 26018 26016
92726 21600 26020 85458 17600 24018 70103 10025 25519 50583 03306
24525 40757 12520 23020 30971 26527 24015 25100 36739 24504 20251
49950 12007 15432 66564 09018 10667 787// 10034 88999 77999
31313 09608 82127
61616 NA872 WX14E POTCYCLONE   OB 13
62626 SPL 1724N10978W 2144 MBL WND 26018 AEV 33431 DLM WND 24513
 004802 WL150 26017 083 REL 1722N10981W 212736 =
XXBB  80218 99172 71098 04779 00005 26419 11850 17600 22806 15827
33790 15009 44775 14630 55687 09428 66576 00807 77535 00704 88467
05909 99368 16123 11301 26327 22254 35739 33196 50950 44140 70366
55110 799// 66104 809//
21212 00005 27016 11987 25517 22940 26521 33850 24018 44816 24019
55726 27517 66686 25019 77637 26520 88581 23524 99502 24525 11468
25522 22402 23019 33287 24514 44261 23010 55235 14001 66177 12010
77165 09515 88160 10017 99143 08520 11129 05023 22110 08038 33106
10036 44100 10034
31313 09608 82127
61616 NA872 WX14E POTCYCLONE   OB 13
62626 SPL 1724N10978W 2144 MBL WND 26018 AEV 33431 DLM WND 24513
 004802 WL150 26017 083 REL 1722N10981W 212736 =
XXCC  8021/ 99172 71098 04779 88999 77859 12074 4////
31313 09608 82127
51515 10190 70875
61616 NA872 WX14E POTCYCLONE   OB 13
62626 SPL 1724N10978W 2144 MBL WND 26018 AEV 33431 DLM WND 24513
 004802 WL150 26017 083 REL 1722N10981W 212736 =
XXDD  8021/ 99172 71098 04779 11802 711//
21212 11893 07523 22875 09534 33859 12074 44802 09537
31313 09608 82127
51515 10190 70875
61616 NA872 WX14E POTCYCLONE   OB 13
62626 SPL 1724N10978W 2144 MBL WND 26018 AEV 33431 DLM WND 24513
 004802 WL150 26017 083 REL 1722N10981W 212736 =
NNNN
