UZPN13 KWBC 311627
XXAA  81141 99298 71190 08499 99007 20210 35510 00061 19609 32510
92744 31673 33513 85496 26872 34004 70165 11457 05511 50588 05772
13511 40759 15989 23003 30970 301// 23513 25097 391// 22014 20246
497// 24020 15429 637// 22019 10671 733// 00517 88108 733// 27013
77999
31313 09608 81348
61616 NA872 WX14E POTCYCLONE   OB 85
62626 MBL WND 34011 AEV 33429 DLM WND 13001 006617 WL150 32510 08
4 REL 2982N11904W 134814 SPG 2983N11905W 140619 =
XXBB  81148 99298 71190 08499 00007 20210 11980 18610 22965 20858
33956 27072 44950 29673 55925 31673 66850 26872 77641 04622 88614
03671 99601 02669 11590 01258 22569 00676 33532 01778 44442 14764
55435 14577 66416 14389 77341 23786 88248 393// 99211 471// 11176
547// 22139 671// 33127 683// 44110 729//
21212 00007 35510 11002 32510 22981 32511 33968 35014 44960 01511
55957 35509 66949 34014 77936 35015 88875 32003 99850 34004 11732
05510 22646 05510 33602 09519 44584 09521 55559 12513 66536 11016
77502 13512 88448 14510 99424 00000 11321 20510 22306 23513 33285
22513 44270 25012 55252 22014 66246 23016 77184 24023 88180 23020
99174 24520 11156 21519 22148 22518 33139 20016 44135 22013 55127
22013 66121 27014 77110 25511 88102 34519
31313 09608 81348
61616 NA872 WX14E POTCYCLONE   OB 85
62626 MBL WND 34011 AEV 33429 DLM WND 13001 006617 WL150 32510 08
4 REL 2982N11904W 134814 SPG 2983N11905W 140619 =
XXCC  81147 99298 71190 08499 70888 677// 09534 88999 77999
31313 09608 81348
51515 10190 50086
61616 NA872 WX14E POTCYCLONE   OB 85
62626 MBL WND 34011 AEV 33429 DLM WND 13001 006617 WL150 32510 08
4 REL 2982N11904W 134814 SPG 2983N11905W 140619 =
XXDD  8114/ 99298 71190 08499 11954 735// 22837 679// 33617 677//
21212 11999 01017 22972 04016 33887 11513 44874 11010 55857 05007
66846 02010 77836 02014 88743 08522 99661 10046 11617 09023
31313 09608 81348
51515 10190 50086
61616 NA872 WX14E POTCYCLONE   OB 85
62626 MBL WND 34011 AEV 33429 DLM WND 13001 006617 WL150 32510 08
4 REL 2982N11904W 134814 SPG 2983N11905W 140619 =
NNNN
