UZPN13 KWBC 302214
XXAA  80221 99187 71115 04881 99004 27227 ///// 00032 27027 /////
92718 23042 30513 85453 19028 31512 70098 09823 34514 50583 03709
30512 40757 12914 36009 30971 26331 29003 25100 36540 23007 20250
49940 35005 15431 65963 12018 10668 785// 09513 88121 763// 11037
77999
31313 09608 82149
61616 NA872 WX14E POTCYCLONE   OB 15
62626 LST WND 040 MBL WND 30016 AEV 33431 DLM WND 35008 999796 WL
150 30017 114 REL 1874N11153W 214955 SPG 1871N11154W 220721 =
XXBB  80228 99187 71115 04881 00004 27227 11958 23613 22913 22449
33850 19028 44762 13006 55575 02830 66554 00120 77434 09115 88352
18528 99297 26931 11245 37740 22195 51742 33167 59960 44137 70966
55123 761// 66110 767//
21212 00004 ///// 11999 29517 22985 30517 33944 29016 44911 31013
55902 30013 66893 32013 77875 33015 88850 31512 99836 30011 11807
34011 22789 32510 33760 36013 44739 00516 55698 34514 66677 36016
77641 01016 88621 36020 99600 01520 11553 34024 22534 32018 33522
32519 44473 30010 55447 33006 66436 00512 77426 01011 88213 04001
99142 13018 11110 09031 22103 11019
31313 09608 82149
61616 NA872 WX14E POTCYCLONE   OB 15
62626 LST WND 040 MBL WND 30016 AEV 33431 DLM WND 35008 999796 WL
150 30017 114 REL 1874N11153W 214955 SPG 1871N11154W 220721 =
XXCC  8022/ 99187 71115 04881 88999 77846 12572 461//
31313 09608 82149
51515 10190 70877
61616 NA872 WX14E POTCYCLONE   OB 15
62626 LST WND 040 MBL WND 30016 AEV 33431 DLM WND 35008 999796 WL
150 30017 114 REL 1874N11153W 214955 SPG 1871N11154W 220721 =
XXDD  8022/ 99187 71115 04881 11982 789// 22796 685//
21212 11999 09513 22881 09029 33863 10038 44846 12572 55796 11544
31313 09608 82149
51515 10190 70877
61616 NA872 WX14E POTCYCLONE   OB 15
62626 LST WND 040 MBL WND 30016 AEV 33431 DLM WND 35008 999796 WL
150 30017 114 REL 1874N11153W 214955 SPG 1871N11154W 220721 =
NNNN
