UZPN13 KWBC 301739
XXAA  80171 99306 71225 12102 99013 17822 34520 00115 16816 34521
92786 26073 03516 85531 24869 10011 70190 10461 13515 50591 04781
14509 40764 13187 22521 30975 29782 24522 25102 41174 25022 20250
50973 26033 15432 63791 23530 10676 723// 31010 88999 77999
31313 09608 81710
61616 NA872 WX14E POTCYCLONE   OB 02
62626 MBL WND 34521 AEV 33431 DLM WND 23005 013881 WL150 34521 08
2 REL 3056N12253W 171002 SPG 3057N12249W 172709 =
XXBB  80178 99306 71225 12102 00013 17822 11969 14815 22962 16041
33947 24688 44930 25673 55914 27888 66904 27269 77850 24869 88735
13859 99660 06260 11646 05668 22601 03486 33595 03275 44405 12387
55290 31581 66224 47173 77203 50195 88164 59192 99131 69789 11122
723// 22110 733//
21212 00013 34520 11965 34521 22947 03529 33922 04014 44909 01510
55896 02006 66876 07506 77850 10011 88808 10011 99742 13515 11641
13020 22620 12510 33611 10007 44582 08510 55564 13014 66532 14521
77517 15514 88503 14510 99495 15506 11457 27514 22433 25013 33424
25518 44416 23019 55404 22021 66354 26527 77324 26524 88292 24021
99279 25522 11260 24521 22218 27530 33200 26033 44181 24029 55167
25032 66136 22526 77129 25026 88120 24516 99110 29013 11109 29510
22107 33510 33105 34512
31313 09608 81710
61616 NA872 WX14E POTCYCLONE   OB 02
62626 MBL WND 34521 AEV 33431 DLM WND 23005 013881 WL150 34521 08
2 REL 3056N12253W 171002 SPG 3057N12249W 172709 =
XXCC  8017/ 99306 71225 12102 88999 77999
31313 09608 81710
51515 10190 70883
61616 NA872 WX14E POTCYCLONE   OB 02
62626 MBL WND 34521 AEV 33431 DLM WND 23005 013881 WL150 34521 08
2 REL 3056N12253W 171002 SPG 3057N12249W 172709 =
XXDD  8017/ 99306 71225 12102 11881 715//
21212 11973 29509 22939 31531 33881 29508
31313 09608 81710
51515 10190 70883
61616 NA872 WX14E POTCYCLONE   OB 02
62626 MBL WND 34521 AEV 33431 DLM WND 23005 013881 WL150 34521 08
2 REL 3056N12253W 171002 SPG 3057N12249W 172709 =
NNNN
