UZPN13 KWBC 302154
XXAA  80211 99168 71104 04860 99005 25411 ///// 00048 24619 26020
92731 21201 25019 85463 18216 27013 70106 09600 29513 50583 03500
22022 40757 12524 23520 30971 26735 25012 25100 36741 22003 20250
49956 34506 15431 66561 09028 10666 745// 10530 88999 77999
31313 09608 82117
61616 NA872 WX14E POTCYCLONE   OB 12
62626 LST WND 016 MBL WND 25519 AEV 33431 DLM WND 24509 004813 WL
150 26019 090 REL 1683N11038W 211729 SPG 1685N11035W 213331 =
XXBB  80218 99168 71104 04860 00005 25411 11850 18216 22670 07200
33525 013// 44513 02500 55499 03700 66423 09922 77363 17126 88291
28138 99244 38147 11177 57157 22121 76966 33110 787// 44107 785//
21212 00005 ///// 11004 26018 22970 25020 33943 25016 44927 25019
55904 26017 66888 25017 77850 27013 88840 29513 99777 27514 11695
30013 22656 26513 33611 27512 44575 23011 55552 21017 66539 22520
77525 22025 88466 22521 99426 24518 11408 22520 22374 23520 33360
22519 44328 26015 55304 24513 66294 25511 77265 23010 88189 07002
99167 10015 11128 06031 22121 06544 33110 10043 44104 12033
31313 09608 82117
61616 NA872 WX14E POTCYCLONE   OB 12
62626 LST WND 016 MBL WND 25519 AEV 33431 DLM WND 24509 004813 WL
150 26019 090 REL 1683N11038W 211729 SPG 1685N11035W 213331 =
XXCC  8021/ 99168 71104 04860 88999 77999
31313 09608 82117
51515 10190 70874
61616 NA872 WX14E POTCYCLONE   OB 12
62626 LST WND 016 MBL WND 25519 AEV 33431 DLM WND 24509 004813 WL
150 26019 090 REL 1683N11038W 211729 SPG 1685N11035W 213331 =
XXDD  8021/ 99168 71104 04860 11980 737// 22880 751// 33857 733//
44813 741//
21212 11997 10530 22959 11520 33917 07520 44872 05517 55864 03510
66861 01007 77813 08021
31313 09608 82117
51515 10190 70874
61616 NA872 WX14E POTCYCLONE   OB 12
62626 LST WND 016 MBL WND 25519 AEV 33431 DLM WND 24509 004813 WL
150 26019 090 REL 1683N11038W 211729 SPG 1685N11035W 213331 =
NNNN
