UZPN13 KWBC 310637
XXAA  81061 99177 71078 04777 99007 27829 19521 00061 27030 19525
92747 21613 21528 85478 18020 22035 70127 09618 21033 50585 03905
22531 40759 13316 23524 30972 27722 23521 25100 37746 14506 20250
51550 08007 15429 67562 03023 10663 797// 10029 88109 801// 07038
77999
31313 09608 80608
61616 NA872 WX14E POTCYCLONE   OB 53
62626 SPL 1776N10772W 0626 MBL WND 20525 AEV 33419 DLM WND 21022
 006676 WL150 20024 080 REL 1769N10775W 060838 =
XXBB  81068 99177 71078 04777 00007 27829 11855 17407 22850 18020
33846 19056 44831 19460 55793 17057 66764 15461 77697 09417 88505
03306 99368 17114 11314 25127 22259 35744 33180 57757 44135 73365
55110 801//
21212 00007 19521 11999 19525 22980 20527 33970 20522 44960 21029
55902 22029 66850 22035 77804 20039 88729 19540 99627 22034 11567
20538 22530 21542 33487 22527 44300 23521 55269 26510 66258 20004
77190 07511 88169 03010 99131 02026 11118 06032 22110 07037 33104
10036
31313 09608 80608
61616 NA872 WX14E POTCYCLONE   OB 53
62626 SPL 1776N10772W 0626 MBL WND 20525 AEV 33419 DLM WND 21022
 006676 WL150 20024 080 REL 1769N10775W 060838 =
XXCC  81067 99177 71078 04777 70873 709// 08539 88999 77999
31313 09608 80608
51515 10190 50071
61616 NA872 WX14E POTCYCLONE   OB 53
62626 SPL 1776N10772W 0626 MBL WND 20525 AEV 33419 DLM WND 21022
 006676 WL150 20024 080 REL 1769N10775W 060838 =
XXDD  8106/ 99177 71078 04777 11976 795// 22855 727// 33676 707//
21212 11972 09525 22934 08535 33883 10537 44855 11531 55795 09008
66778 07512 77744 08522 88722 08545 99676 08533
31313 09608 80608
51515 10190 50071
61616 NA872 WX14E POTCYCLONE   OB 53
62626 SPL 1776N10772W 0626 MBL WND 20525 AEV 33419 DLM WND 21022
 006676 WL150 20024 080 REL 1769N10775W 060838 =
NNNN
