UZPN13 KWBC 311644
XXAA  81141 99304 71231 12103 99012 18814 33010 00106 17816 35023
92784 28294 01519 85527 24268 35510 70185 09658 12010 50589 07379
06007 40759 17979 01012 30968 33973 31009 25094 40178 24520 20243
48774 25522 15427 609// 24520 10671 709// 02009 88109 713// 30015
77999
31313 09608 81424
61616 NA872 WX14E POTCYCLONE   OB 88
62626 SPL 3043N12313W 1442 MBL WND 36026 AEV 33429 DLM WND 00505
 011615 WL150 34521 083 REL 3045N12313W 142447 =
XXBB  81148 99304 71231 12103 00012 18814 11986 17016 22972 18457
33961 24480 44955 26089 55917 28499 66879 26689 77850 24268 88752
15662 99636 02233 11631 02244 22624 03272 33606 02879 44440 12591
55353 24575 66308 33370 77228 42777 88193 50374 99110 711//
21212 00012 33010 11007 34523 22981 35526 33961 02536 44938 02523
55922 01518 66900 03013 77850 35510 88696 12511 99651 10011 11633
11012 22461 03506 33417 00515 44358 00523 55314 34516 66302 31511
77297 28007 88291 25010 99271 27520 11244 23522 22224 24530 33170
26028 44148 24021 55143 25019 66132 25013 77124 23015 88119 28012
99110 30014 11105 32013
31313 09608 81424
61616 NA872 WX14E POTCYCLONE   OB 88
62626 SPL 3043N12313W 1442 MBL WND 36026 AEV 33429 DLM WND 00505
 011615 WL150 34521 083 REL 3045N12313W 142447 =
XXCC  81147 99304 71231 12103 70889 673// 09533 88937 723// 02005
77665 10587 462//
31313 09608 81424
51515 10190 50087
61616 NA872 WX14E POTCYCLONE   OB 88
62626 SPL 3043N12313W 1442 MBL WND 36026 AEV 33429 DLM WND 00505
 011615 WL150 34521 083 REL 3045N12313W 142447 =
XXDD  8114/ 99304 71231 12103 11900 725// 22834 687// 33615 661//
21212 11970 04511 22928 01004 33848 06514 44813 05523 55793 07527
66737 09020 77691 10038 88665 10587 99615 09526
31313 09608 81424
51515 10190 50087
61616 NA872 WX14E POTCYCLONE   OB 88
62626 SPL 3043N12313W 1442 MBL WND 36026 AEV 33429 DLM WND 00505
 011615 WL150 34521 083 REL 3045N12313W 142447 =
NNNN
