UZPN13 KWBC 302209
XXAA  80221 99179 71106 04870 99002 27234 27514 00021 27232 27015
92707 22016 27017 85440 18631 29018 70083 09828 34504 50582 03704
31014 40755 12720 28015 30969 26525 21008 25098 36537 17007 20249
49742 15008 15430 66161 10514 10665 749// 10529 88114 803// 08537
77999
31313 09608 82138
61616 NA872 WX14E POTCYCLONE   OB 14
62626 AEV 33431 DLM WND 29507 001791 WL150 27016 084 REL 1791N110
64W 213811 SPG 1790N11062W 215441 =
XXBB  80228 99179 71106 04870 00002 27234 11913 21211 22850 18631
33630 06432 44551 00302 55445 08115 66354 18124 77275 31129 88225
42744 99170 59157 11117 79165 22113 803// 33110 791// 44105 799//
55103 769//
21212 00002 27514 11886 26516 22850 29018 33819 30515 44726 30004
55657 32512 66601 30523 77538 30517 88520 28516 99496 31515 11468
31517 22455 33518 33426 29519 44398 27514 55373 32010 66351 31003
77321 19510 88181 09001 99155 10510 11126 08521 22119 08029 33110
10043 44103 11034
31313 09608 82138
61616 NA872 WX14E POTCYCLONE   OB 14
62626 AEV 33431 DLM WND 29507 001791 WL150 27016 084 REL 1791N110
64W 213811 SPG 1790N11062W 215441 =
XXCC  8022/ 99179 71106 04870 88999 77999
31313 09608 82138
51515 10190 70875
61616 NA872 WX14E POTCYCLONE   OB 14
62626 AEV 33431 DLM WND 29507 001791 WL150 27016 084 REL 1791N110
64W 213811 SPG 1790N11062W 215441 =
XXDD  8022/ 99179 71106 04870 11983 739// 22907 739// 33858 757//
44837 703// 55791 701//
21212 11969 09521 22945 07515 33897 07525 44868 05526 55857 07029
66791 09036
31313 09608 82138
51515 10190 70875
61616 NA872 WX14E POTCYCLONE   OB 14
62626 AEV 33431 DLM WND 29507 001791 WL150 27016 084 REL 1791N110
64W 213811 SPG 1790N11062W 215441 =
NNNN
