UZPN13 KWBC 311318
XXAA  81121 99244 71183 08448 99008 22620 34511 00073 21818 35011
92753 25267 33510 85492 21658 33502 70144 10261 10007 50586 03758
08013 40758 17556 09514 30969 281// 16515 25097 381// 19020 20247
50373 19532 15429 64965 20513 10667 751// 07514 88112 759// 16009
77999
31313 09608 81134
61616 NA872 WX14E POTCYCLONE   OB 74
62626 SPL 2444N11829W 1152 MBL WND 34512 AEV 33431 DLM WND 12004
 008640 WL150 35011 082 REL 2442N11826W 113434 =
XXBB  81128 99244 71183 08448 00008 22620 11969 19613 22963 20638
33956 23679 44953 24482 55946 24867 66926 25466 77913 24658 88850
21658 99823 19235 11778 16457 22761 14625 33751 14039 44746 13860
55730 12861 66684 08859 77661 06004 88641 04856 99610 01814 11593
00233 22587 00250 33582 01072 44577 01068 55533 00178 66524 00765
77487 05156 88449 09558 99407 16357 11369 23315 22362 24139 33355
21186 44351 207// 55308 265// 66235 409// 77221 44776 88171 57568
99129 71766 11110 757//
21212 00008 34511 11963 35012 22958 34013 33863 33007 44850 33502
55728 06510 66589 32503 77542 05510 88528 06019 99508 06514 11492
09512 22455 07013 33414 09512 44371 08515 55360 09513 66353 17014
77340 18511 88306 16015 99254 18017 11239 20028 22222 19537 33176
18521 44155 21016 55132 16010 66130 17010 77125 14010 88114 18013
99113 17010 11110 11508 22108 08510 33103 10016
31313 09608 81134
61616 NA872 WX14E POTCYCLONE   OB 74
62626 SPL 2444N11829W 1152 MBL WND 34512 AEV 33431 DLM WND 12004
 008640 WL150 35011 082 REL 2442N11826W 113434 =
XXCC  81127 99244 71183 08448 70881 687// 08044 88999 77999
31313 09608 81134
51515 10190 50079
61616 NA872 WX14E POTCYCLONE   OB 74
62626 SPL 2444N11829W 1152 MBL WND 34512 AEV 33431 DLM WND 12004
 008640 WL150 35011 082 REL 2442N11826W 113434 =
XXDD  8112/ 99244 71183 08448 11848 739// 22640 667//
21212 11957 05515 22913 09517 33867 10019 44835 12028 55812 13021
66782 10016 77726 08025 88690 08554 99640 07038
31313 09608 81134
51515 10190 50079
61616 NA872 WX14E POTCYCLONE   OB 74
62626 SPL 2444N11829W 1152 MBL WND 34512 AEV 33431 DLM WND 12004
 008640 WL150 35011 082 REL 2442N11826W 113434 =
NNNN
