UZPN13 KWBC 311550
XXAA  81131 99274 71204 08570 99009 19413 32010 00078 18808 33514
92757 27067 36004 85500 23265 36007 70153 09260 04007 50588 04969
30004 40759 15389 01503 30971 301// 34507 25098 38779 29003 20247
50374 21001 15429 65167 14504 10669 729// 33511 88117 729// 16017
77999
31313 09608 81309
61616 NA872 WX14E POTCYCLONE   OB 82
62626 MBL WND 33011 AEV 33429 DLM WND 02504 008616 WL150 33513 08
1 REL 2740N12037W 130942 SPG 2738N12037W 132809 =
XXBB  81138 99274 71204 08570 00009 19413 11975 17414 22969 18640
33963 25476 44956 26683 55947 27068 66899 26667 77850 23265 88697
09059 99686 08869 11659 07867 22648 08079 33541 00880 44460 10570
55383 17188 66334 24385 77317 269// 88274 35181 99226 43577 11178
55571 22144 67167 33121 725// 44110 727// 55104 741//
21212 00009 32010 11003 34014 22969 32512 33960 35504 44946 30001
55900 01010 66850 36007 77641 12010 88600 10510 99588 11513 11574
11510 22556 08510 33216 32010 44141 11501 55123 16010 66114 16515
77110 18512 88100 33010
31313 09608 81309
61616 NA872 WX14E POTCYCLONE   OB 82
62626 MBL WND 33011 AEV 33429 DLM WND 02504 008616 WL150 33513 08
1 REL 2740N12037W 130942 SPG 2738N12037W 132809 =
XXCC  81137 99274 71204 08570 70885 691// 08018 88999 77999
31313 09608 81309
51515 10190 50082
61616 NA872 WX14E POTCYCLONE   OB 82
62626 MBL WND 33011 AEV 33429 DLM WND 02504 008616 WL150 33513 08
1 REL 2740N12037W 130942 SPG 2738N12037W 132809 =
XXDD  8113/ 99274 71204 08570 11986 727// 22914 735// 33841 707//
44616 679//
21212 11964 01517 22903 36019 33872 02521 44850 06522 55823 09518
66799 08018 77774 09018 88743 07018 99698 08018 11681 07511 22673
35003 33667 29010 44662 28518 55616 08520
31313 09608 81309
51515 10190 50082
61616 NA872 WX14E POTCYCLONE   OB 82
62626 MBL WND 33011 AEV 33429 DLM WND 02504 008616 WL150 33513 08
1 REL 2740N12037W 130942 SPG 2738N12037W 132809 =
NNNN
