UZPN13 KWBC 311021
XXAA  81091 99220 71221 08522 99011 23023 35513 00095 22214 36010
92769 17200 04508 85497 21260 10010 70152 10656 10006 50587 05766
09018 40758 133// 03542 30971 287// 01532 25099 385// 01025 20248
50572 01518 15429 65766 06509 10667 773// 11509 88106 777// 14016
77999
31313 09608 80923
61616 NA872 WX14E POTCYCLONE   OB 64
62626 MBL WND 00511 AEV 33431 DLM WND 04513 010635 WL150 36011 08
0 REL 2205N12211W 092305 SPG 2200N12216W 094155 =
XXBB  81098 99220 71221 08522 00011 23023 11976 20200 22889 16008
33884 17027 44878 21260 55871 22060 66850 21260 77777 17058 88713
11650 99670 08257 11648 06663 22607 02457 33594 03276 44584 03479
55477 07962 66411 17957 77404 14187 88400 133// 99360 181// 11320
247// 22221 447// 33214 46775 44126 72766 55110 765//
21212 00011 35513 11000 36010 22965 00510 33913 05008 44883 04002
55876 11009 66850 10010 77693 07510 88532 11007 99470 07024 11412
06536 22399 03542 33287 02029 44259 36026 55229 02515 66224 01012
77207 01526 88168 04021 99152 05510 11136 02002 22114 09514 33110
11516 44103 15012 55101 12508
31313 09608 80923
61616 NA872 WX14E POTCYCLONE   OB 64
62626 MBL WND 00511 AEV 33431 DLM WND 04513 010635 WL150 36011 08
0 REL 2205N12211W 092305 SPG 2200N12216W 094155 =
XXCC  81097 99220 71221 08522 70880 709// 29017 88999 77684 28579
499//
31313 09608 80923
51515 10190 50075
61616 NA872 WX14E POTCYCLONE   OB 64
62626 MBL WND 00511 AEV 33431 DLM WND 04513 010635 WL150 36011 08
0 REL 2205N12211W 092305 SPG 2200N12216W 094155 =
XXDD  8109/ 99220 71221 08522 11973 773// 22826 725// 33635 699//
21212 11985 10014 22961 09526 33928 11013 44913 08511 55895 05517
66846 08033 77794 11530 88742 09522 99718 10011 11707 35001 22702
29013 33684 28579 44635 06511
31313 09608 80923
51515 10190 50075
61616 NA872 WX14E POTCYCLONE   OB 64
62626 MBL WND 00511 AEV 33431 DLM WND 04513 010635 WL150 36011 08
0 REL 2205N12211W 092305 SPG 2200N12216W 094155 =
NNNN
