UZPN13 KWBC 302149
XXAA  80211 99177 71113 04871 99004 26205 28512 00037 26004 28513
92722 21803 26514 85455 17602 29006 70102 10220 31506 50583 03510
29514 40757 12920 27508 30971 26934 26507 25100 36740 21004 20250
49747 13014 15431 66363 07519 10668 753// 11015 88118 785// 08039
77999
31313 09608 82103
61616 NA872 WX14E POTCYCLONE   OB 11
62626 SPL 1769N11125W 2119 MBL WND 28014 AEV 33431 DLM WND 29506
 003831 WL150 28513 081 REL 1770N11127W 210320 =
XXBB  80218 99177 71113 04871 00004 26205 11850 17602 22777 14602
33761 14430 44531 00903 55463 06307 66377 15523 77317 23929 88245
37943 99188 53556 11139 70966 22119 783// 33110 767// 44104 745//
21212 00004 28512 11942 27016 22892 26511 33850 29006 44798 31013
55648 32510 66603 29014 77581 30019 88572 29018 99528 30517 11487
29013 22465 30010 33433 27510 44370 29010 55355 27010 66229 23505
77213 14510 88206 13511 99177 09515 11150 07519 22128 08022 33117
08040 44110 11041 55103 12007
31313 09608 82103
61616 NA872 WX14E POTCYCLONE   OB 11
62626 SPL 1769N11125W 2119 MBL WND 28014 AEV 33431 DLM WND 29506
 003831 WL150 28513 081 REL 1770N11127W 210320 =
XXCC  8021/ 99177 71113 04871 88999 77999
31313 09608 82103
51515 10190 70873
61616 NA872 WX14E POTCYCLONE   OB 11
62626 SPL 1769N11125W 2119 MBL WND 28014 AEV 33431 DLM WND 29506
 003831 WL150 28513 081 REL 1770N11127W 210320 =
XXDD  8021/ 99177 71113 04871 11831 761//
21212 11967 08520 22923 07512 33907 04011 44896 35520 55881 33546
66831 05025
31313 09608 82103
51515 10190 70873
61616 NA872 WX14E POTCYCLONE   OB 11
62626 SPL 1769N11125W 2119 MBL WND 28014 AEV 33431 DLM WND 29506
 003831 WL150 28513 081 REL 1770N11127W 210320 =
NNNN
