UZPN13 KWBC 310650
XXAA  81061 99177 71087 04778 99007 27430 21024 00062 26837 21026
92750 23644 21529 85486 19234 21025 70134 09812 22020 50586 03709
22526 40760 13120 22520 30973 27731 25015 25101 38137 22509 20251
51545 13005 15430 68363 02022 10664 797// 07028 88114 793// 06539
77999
31313 09608 80618
61616 NA872 WX14E POTCYCLONE   OB 54
62626 MBL WND 21527 AEV 33419 DLM WND 21515 006676 WL150 21026 08
2 REL 1767N10875W 061800 SPG 1772N10873W 063559 =
XXBB  81068 99177 71087 04778 00007 27430 11850 19234 22523 01706
33386 14522 44310 25930 55237 41139 66194 53550 77139 72366 88121
779// 99110 789// 11101 803//
21212 00007 21024 11987 21528 22915 21529 33850 21025 44702 22021
55644 20021 66585 22522 77549 21024 88513 23024 99435 22024 11356
24023 22305 25514 33296 24012 44286 25012 55265 23010 66189 12003
77166 02010 88137 02027 99131 02528 11126 05531 22110 08041 33106
09035 44102 07525
31313 09608 80618
61616 NA872 WX14E POTCYCLONE   OB 54
62626 MBL WND 21527 AEV 33419 DLM WND 21515 006676 WL150 21026 08
2 REL 1767N10875W 061800 SPG 1772N10873W 063559 =
XXCC  81067 99177 71087 04778 70874 717// 10082 88999 77726 10629
499//
31313 09608 80618
51515 10190 50070
61616 NA872 WX14E POTCYCLONE   OB 54
62626 MBL WND 21527 AEV 33419 DLM WND 21515 006676 WL150 21026 08
2 REL 1767N10875W 061800 SPG 1772N10873W 063559 =
XXDD  8106/ 99177 71087 04778 11936 753// 22676 713//
21212 11961 06536 22876 10037 33844 13016 44786 08011 55746 09037
66726 10629 77676 09040
31313 09608 80618
51515 10190 50070
61616 NA872 WX14E POTCYCLONE   OB 54
62626 MBL WND 21527 AEV 33419 DLM WND 21515 006676 WL150 21026 08
2 REL 1767N10875W 061800 SPG 1772N10873W 063559 =
NNNN
