UZPN13 KWBC 311147
XXAA  81111 99208 71157 08405 99007 25814 32013 00057 25218 31014
92740 23456 30508 85478 20441 29505 70131 10432 34007 50585 06558
14505 40757 127// 16511 30971 27174 18511 25100 37760 17510 20249
51158 18012 15430 65567 14026 10666 769// 06023 88108 793// 09513
77999
31313 09608 81033
61616 NA872 WX14E POTCYCLONE   OB 69
62626 SPL 2083N11571W 1051 MBL WND 31513 AEV 33431 DLM WND 13003
 006625 WL150 31514 080 REL 2081N11569W 103331 =
XXBB  81118 99208 71157 08405 00007 25814 11939 21007 22930 22856
33915 23657 44850 20441 55823 19033 66806 19059 77740 14061 88723
12231 99708 10818 11688 09438 22671 07816 33649 06850 44602 02626
55570 00250 66547 02508 77533 03718 88520 04564 99514 05164 11503
06561 22496 06727 33487 07719 44465 08957 55456 09543 66439 10356
77429 11170 88418 12191 99360 16391 11358 16574 22322 23563 33313
24773 44278 31573 55253 37161 66221 45549 77183 55764 88141 68967
99125 751// 11110 783// 22106 799// 33101 769//
21212 00007 32013 11936 32515 22924 30008 33850 29505 44632 03010
55552 00000 66464 11011 77440 10524 88415 13508 99401 16511 11383
17012 22336 15512 33320 18513 44298 18512 55284 14516 66265 14012
77254 17510 88242 16011 99211 20012 11183 16009 22172 13015 33150
14026 44134 17014 55123 15510 66110 11009
31313 09608 81033
61616 NA872 WX14E POTCYCLONE   OB 69
62626 SPL 2083N11571W 1051 MBL WND 31513 AEV 33431 DLM WND 13003
 006625 WL150 31514 080 REL 2081N11569W 103331 =
XXCC  81117 99208 71157 08405 70878 705// 10519 88999 77999
31313 09608 81033
51515 10190 50074
61616 NA872 WX14E POTCYCLONE   OB 69
62626 SPL 2083N11571W 1051 MBL WND 31513 AEV 33431 DLM WND 13003
 006625 WL150 31514 080 REL 2081N11569W 103331 =
XXDD  8111/ 99208 71157 08405 11921 779// 22827 735// 33625 687//
21212 11996 06023 22947 07526 33891 12518 44844 10031 55806 12020
66797 11016 77775 09519 88709 10017 99671 16036 11625 12028
31313 09608 81033
51515 10190 50074
61616 NA872 WX14E POTCYCLONE   OB 69
62626 SPL 2083N11571W 1051 MBL WND 31513 AEV 33431 DLM WND 13003
 006625 WL150 31514 080 REL 2081N11569W 103331 =
NNNN
