UZPN13 KWBC 302348
XXAA  80231 99197 71107 04890 99002 26814 28020 00015 26613 28019
92702 22400 31523 85436 18605 31024 70086 11421 33521 50583 03310
01015 40757 12315 02512 30971 26327 09001 25100 36532 11509 20250
49748 11511 15432 66363 11020 10666 801// 08540 88109 811// 10036
77999
31313 09608 82321
61616 NA872 WX14E POTCYCLONE   OB 23
62626 SPL 1962N11072W 2339 MBL WND 28525 AEV 33431 DLM WND 35010
 001754 WL150 28025 083 REL 1966N11072W 232148 =
XXBB  80238 99197 71107 04890 00002 26814 11960 23600 22850 18605
33747 14442 44638 07428 55447 07510 66368 16119 77307 25125 88248
36934 99185 54156 11137 71166 22110 811// 33101 807//
21212 00002 28020 11999 28020 22998 27526 33995 28028 44935 30522
55919 31523 66850 31024 77796 33526 88693 34020 99684 32518 11652
34519 22599 34516 33563 01012 44522 34515 55508 35016 66482 04012
77471 03510 88453 05516 99421 02011 11372 02015 22355 01012 33334
02510 44300 08501 55248 11510 66239 13510 77209 13012 88189 09011
99179 09511 11173 11013 22144 11521 33127 09029 44110 09535
31313 09608 82321
61616 NA872 WX14E POTCYCLONE   OB 23
62626 SPL 1962N11072W 2339 MBL WND 28525 AEV 33431 DLM WND 35010
 001754 WL150 28025 083 REL 1966N11072W 232148 =
XXCC  8023/ 99197 71107 04890 88999 77999
31313 09608 82321
51515 10190 70874
61616 NA872 WX14E POTCYCLONE   OB 23
62626 SPL 1962N11072W 2339 MBL WND 28525 AEV 33431 DLM WND 35010
 001754 WL150 28025 083 REL 1966N11072W 232148 =
XXDD  8023/ 99197 71107 04890 11952 743// 22754 733//
21212 11957 08536 22882 08010 33857 07012 44826 08517 55806 05512
66754 10522
31313 09608 82321
51515 10190 70874
61616 NA872 WX14E POTCYCLONE   OB 23
62626 SPL 1962N11072W 2339 MBL WND 28525 AEV 33431 DLM WND 35010
 001754 WL150 28025 083 REL 1966N11072W 232148 =
NNNN
