UZPN13 KWBC 302255
XXAA  80221 99215 71135 08413 99005 25829 32511 00042 25426 32512
92729 25459 00512 85469 20444 03014 70123 11649 02013 50585 05521
04512 40758 13732 15008 30972 26962 15510 25100 37164 21511 20250
50160 15025 15431 65363 13017 10668 787// 12524 88999 77999
31313 09608 82222
61616 NA872 WX14E POTCYCLONE   OB 18
62626 MBL WND 34012 AEV 33431 DLM WND 06507 004772 WL150 32012 08
1 REL 2151N11351W 222246 SPG 2151N11355W 223917 =
XXBB  80228 99215 71135 08413 00005 25829 11980 24234 22971 25661
33960 26461 44896 24058 55850 20444 66802 16811 77767 16059 88733
14258 99714 12441 11684 10656 22648 07032 33620 04857 44611 04863
55600 04262 66589 02850 77576 01637 88536 01946 99484 07305 11469
06558 22459 06561 33442 08956 44433 09757 55394 14719 66388 15528
77383 15557 88378 16156 99371 17165 11357 18561 22342 19774 33328
22160 44317 24159 55277 30967 66248 37564 77217 45758 88210 47562
99195 51358 11180 56157 22156 64362 33146 65964 44112 78365 55110
791// 66102 809//
21212 00005 32511 11981 32513 22969 36014 33920 00512 44902 02516
55889 04014 66863 02013 77850 03014 88818 04013 99782 02513 11766
04017 22719 04012 33700 02013 44612 04015 55583 01516 66533 01513
77492 06010 88443 06512 99417 09510 11359 21010 22296 16010 33276
18010 44265 20506 55251 21510 66231 18016 77210 16526 88152 13519
99137 09519 11110 13022
31313 09608 82222
61616 NA872 WX14E POTCYCLONE   OB 18
62626 MBL WND 34012 AEV 33431 DLM WND 06507 004772 WL150 32012 08
1 REL 2151N11351W 222246 SPG 2151N11355W 223917 =
XXCC  8022/ 99215 71135 08413 88999 77999
31313 09608 82222
51515 10190 70879
61616 NA872 WX14E POTCYCLONE   OB 18
62626 MBL WND 34012 AEV 33431 DLM WND 06507 004772 WL150 32012 08
1 REL 2151N11351W 222246 SPG 2151N11355W 223917 =
XXDD  8022/ 99215 71135 08413 11988 781// 22915 793// 33860 741//
44833 731// 55827 711// 66825 635// 77772 645//
21212 11948 12525 22902 10031 33869 10030 44845 07021 55833 10027
66772 11029
31313 09608 82222
51515 10190 70879
61616 NA872 WX14E POTCYCLONE   OB 18
62626 MBL WND 34012 AEV 33431 DLM WND 06507 004772 WL150 32012 08
1 REL 2151N11351W 222246 SPG 2151N11355W 223917 =
NNNN
