UZPN13 KWBC 302053
XXAA  80201 99208 71141 08404 99006 25821 ///// 00049 25423 28507
92734 24257 36011 85472 20430 04511 70126 11857 08015 50586 04945
05512 40758 14760 17510 30971 27559 17012 25100 37367 19516 20250
50765 15028 15430 66367 13029 10670 783// 09528 88999 77999
31313 09608 82017
61616 NA872 WX14E POTCYCLONE   OB 07
62626 LST WND 037 MBL WND 31511 AEV 33431 DLM WND 08507 001842 WL
150 31510 112 REL 2084N11407W 201701 SPG 2084N11411W 203339 =
XXBB  80208 99208 71141 08404 00006 25821 11964 22820 22960 23226
33951 24666 44942 24858 55872 22056 66850 20430 77816 18232 88800
18059 99777 16036 11746 14438 22718 13458 33664 09450 44618 05456
55570 01027 66515 02956 77478 07744 88470 08717 99404 14920 11397
14572 22383 15171 33365 17173 44359 18162 55346 19381 66311 25571
77300 27559 88281 30168 99259 35166 11209 47769 22185 55559 33139
68767 44123 751// 55110 777// 66106 787//
21212 00006 ///// 11001 22009 22000 26507 33998 31510 44995 32011
55964 31511 66944 35509 77887 02512 88869 03508 99850 04511 11799
05513 22773 08015 33744 07015 44693 08013 55647 03511 66617 05013
77561 04513 88538 00510 99508 05510 11463 05513 22436 07512 33427
10011 44418 10512 55409 16010 66397 17510 77354 18516 88341 20513
99317 19508 11304 16511 22288 17513 33277 20513 44254 20015 55210
14528 66155 13034 77145 13024 88135 08517 99121 06017 11110 07023
31313 09608 82017
61616 NA872 WX14E POTCYCLONE   OB 07
62626 LST WND 037 MBL WND 31511 AEV 33431 DLM WND 08507 001842 WL
150 31510 112 REL 2084N11407W 201701 SPG 2084N11411W 203339 =
XXCC  8020/ 99208 71141 08404 88999 77904 34073 4////
31313 09608 82017
51515 10190 70871
61616 NA872 WX14E POTCYCLONE   OB 07
62626 LST WND 037 MBL WND 31511 AEV 33431 DLM WND 08507 001842 WL
150 31510 112 REL 2084N11407W 201701 SPG 2084N11411W 203339 =
XXDD  8020/ 99208 71141 08404 11842 773//
21212 11988 09527 22937 06029 33925 04029 44904 34073 55842 09020
31313 09608 82017
51515 10190 70871
61616 NA872 WX14E POTCYCLONE   OB 07
62626 LST WND 037 MBL WND 31511 AEV 33431 DLM WND 08507 001842 WL
150 31510 112 REL 2084N11407W 201701 SPG 2084N11411W 203339 =
NNNN
