UZPN13 KWBC 311639
XXAA  81141 99303 71217 12101 99009 18416 35013 00075 18016 33517
92760 30490 01515 85507 25071 03011 70168 10459 09010 50587 07371
15512 40758 17789 24010 30966 315// 23525 25093 395// 22038 20243
489// 24535 15426 615// 23022 10669 715// 06508 88110 713// 30516
77999
31313 09608 81411
61616 NA872 WX14E POTCYCLONE   OB 87
62626 MBL WND 36023 AEV 33429 DLM WND 21003 008617 WL150 34018 08
2 REL 3032N12166W 141158 SPG 3034N12165W 143000 =
XXBB  81148 99303 71217 12101 00009 18416 11989 17425 22977 19458
33967 27279 44961 29893 55947 31499 66850 25071 77753 16463 88631
02228 99616 00842 11609 00657 22597 01881 33586 01684 44559 00576
55422 15186 66302 31182 77261 371// 88184 521// 99169 567// 11161
577// 22133 675// 33110 715//
21212 00009 35013 11006 35514 22000 33517 33984 34025 44970 01533
55956 02024 66918 01014 77889 01017 88850 03011 99799 05513 11755
10511 22641 09008 33629 11010 44608 11016 55599 13020 66582 13015
77559 08503 88512 16511 99454 17011 11433 19014 22420 22511 33398
24010 44379 23007 55359 24511 66339 22515 77304 24023 88293 22528
99235 23040 11161 25024 22132 21025 33124 22515 44119 29515 55113
29015 66110 30516 77102 35010
31313 09608 81411
61616 NA872 WX14E POTCYCLONE   OB 87
62626 MBL WND 36023 AEV 33429 DLM WND 21003 008617 WL150 34018 08
2 REL 3032N12166W 141158 SPG 3034N12165W 143000 =
XXCC  81147 99303 71217 12101 70886 681// 09531 88999 77663 10070
445//
31313 09608 81411
51515 10190 50084
61616 NA872 WX14E POTCYCLONE   OB 87
62626 MBL WND 36023 AEV 33429 DLM WND 21003 008617 WL150 34018 08
2 REL 3032N12166W 141158 SPG 3034N12165W 143000 =
XXDD  8114/ 99303 71217 12101 11874 713// 22617 669//
21212 11900 36010 22858 01504 33758 09026 44722 08028 55691 10034
66663 10070 77617 09529
31313 09608 81411
51515 10190 50084
61616 NA872 WX14E POTCYCLONE   OB 87
62626 MBL WND 36023 AEV 33429 DLM WND 21003 008617 WL150 34018 08
2 REL 3032N12166W 141158 SPG 3034N12165W 143000 =
NNNN
