UZPN13 KWBC 310511
XXAA  81041 99216 71095 08319 99999 26805 04031 00506 ///// /////
92683 23400 04534 85422 21645 05032 70083 12426 05524 50583 02504
06012 40758 12111 05517 30972 25747 08017 25102 36337 09515 20252
49758 14506 15433 66562 16016 10667 823// 08026 88105 825// 08530
77999
31313 09608 80359
61616 NA872 WX14E POTCYCLONE   OB 45
62626 SPL 2154N10954W 0417 MBL WND 05032 AEV 33419 DLM WND 06518
 998683 WL150 05031 083 REL 2156N10945W 035926 =
XXBB  81048 99216 71095 08319 00999 26805 11888 21601 22878 22434
33850 21645 44663 10640 55557 01602 66454 06311 77372 15313 88351
17539 99299 26146 11240 38937 22217 44734 33192 51961 44184 54360
55131 73765 66110 811// 77101 831//
21212 00999 04031 11965 05030 22949 04536 33941 05033 44912 04534
55900 05039 66877 05530 77850 05032 88570 05509 99519 07511 11501
06012 22459 08011 33402 05517 44269 08518 55220 10010 66199 14006
77190 12510 88140 16515 99116 12019 11110 09022 22102 08528
31313 09608 80359
61616 NA872 WX14E POTCYCLONE   OB 45
62626 SPL 2154N10954W 0417 MBL WND 05032 AEV 33419 DLM WND 06518
 998683 WL150 05031 083 REL 2156N10945W 035926 =
XXCC  81047 99216 71095 08319 70877 723// 13519 88999 77999
31313 09608 80359
51515 10190 50073
61616 NA872 WX14E POTCYCLONE   OB 45
62626 SPL 2154N10954W 0417 MBL WND 05032 AEV 33419 DLM WND 06518
 998683 WL150 05031 083 REL 2156N10945W 035926 =
XXDD  8104/ 99216 71095 08319 11941 777// 22905 733// 33861 709//
44683 725//
21212 11955 06023 22876 08038 33847 11027 44809 12024 55768 17017
66729 14536 77683 11010
31313 09608 80359
51515 10190 50073
61616 NA872 WX14E POTCYCLONE   OB 45
62626 SPL 2154N10954W 0417 MBL WND 05032 AEV 33419 DLM WND 06518
 998683 WL150 05031 083 REL 2156N10945W 035926 =
NNNN
