UZPN13 KWBC 310627
XXAA  81051 99184 71049 04784 99011 26000 13524 00099 25000 14024
92782 21400 16016 85516 18805 21530 70163 10800 20025 50590 04507
20034 40764 12917 20027 30977 27532 22026 25106 38340 22018 20255
50750 22011 15435 67763 13512 10670 767// 07013 88111 793// 06034
77999
31313 09608 80522
61616 NA872 WX14E POTCYCLONE   OB 51
62626 SPL 1842N10490W 0539 MBL WND 13525 AEV 33419 DLM WND 19018
 010678 WL150 13524 084 REL 1835N10491W 052236 =
XXBB  81058 99184 71049 04784 00011 26000 11966 22800 22850 18805
33734 11603 44671 09600 55596 03800 66583 04200 77562 01000 88393
13317 99360 17522 11306 26331 22212 47346 33175 58758 44137 72965
55128 761// 66110 795// 77102 767//
21212 00011 13524 11973 14026 22952 14017 33923 16016 44908 17008
55896 20508 66888 19012 77872 20514 88858 21527 99850 21530 11773
20020 22724 22029 33659 18525 44622 19027 55608 17524 66573 21026
77565 19525 88558 21026 99548 19032 11489 19537 22377 21028 33357
20021 44349 22023 55344 21020 66323 21027 77310 22527 88292 20526
99276 21029 11259 20527 22240 24010 33213 20016 44205 24510 55201
21510 66199 22010 77178 07501 88160 09012 99156 14011 11154 14512
22149 12512 33144 06012 44138 07017 55130 04518 66128 02526 77123
03039 88110 06535 99104 08528
31313 09608 80522
61616 NA872 WX14E POTCYCLONE   OB 51
62626 SPL 1842N10490W 0539 MBL WND 13525 AEV 33419 DLM WND 19018
 010678 WL150 13524 084 REL 1835N10491W 052236 =
XXCC  81057 99184 71049 04784 70880 695// 03023 88999 77999
31313 09608 80522
51515 10190 50079
61616 NA872 WX14E POTCYCLONE   OB 51
62626 SPL 1842N10490W 0539 MBL WND 13525 AEV 33419 DLM WND 19018
 010678 WL150 13524 084 REL 1835N10491W 052236 =
XXDD  8105/ 99184 71049 04784 11867 753// 22678 687//
21212 11993 07012 22948 07022 33899 09032 44852 12532 55804 09029
66755 09024 77747 07519 88740 04517 99733 00523 11727 34535 22678
07029
31313 09608 80522
51515 10190 50079
61616 NA872 WX14E POTCYCLONE   OB 51
62626 SPL 1842N10490W 0539 MBL WND 13525 AEV 33419 DLM WND 19018
 010678 WL150 13524 084 REL 1835N10491W 052236 =
NNNN
