UZPN13 KWBC 310202
XXAA  81021 99223 71110 08421 99004 27821 ///// 00037 27626 08015
92727 24235 06025 85465 20241 05533 70116 11225 05026 50586 03107
06020 40759 11958 04014 30973 27710 05008 25102 37356 13008 20252
50530 13012 15432 66362 15523 10668 789// 11021 88105 803// 11530
77999
31313 09608 80135
61616 NA872 WX14E POTCYCLONE   OB 34
62626 LST WND 030 MBL WND 07523 AEV 33429 DLM WND 06520 001721 WL
150 07018 104 REL 2228N11098W 013533 SPG 2225N11106W 015306 =
XXBB  81028 99223 71110 08421 00004 27821 11850 20241 22776 14807
33706 11828 44551 01212 55469 06702 66406 11158 77337 20922 88275
32313 99266 33943 11254 36734 22246 38163 33231 41762 44201 50131
55186 54340 66157 64161 77132 72765 88117 779// 99110 781// 11103
805//
21212 00004 ///// 11001 10016 22999 06017 33997 06019 44979 08018
55953 07532 66927 06024 77903 05530 88890 06028 99850 05533 11732
06029 22662 04025 33595 06529 44427 06024 55378 03012 66364 05010
77318 01504 88280 09010 99269 09511 11256 12511 22227 14511 33172
12520 44147 16025 55136 14515 66127 11510 77110 10027 88103 11528
31313 09608 80135
61616 NA872 WX14E POTCYCLONE   OB 34
62626 LST WND 030 MBL WND 07523 AEV 33429 DLM WND 06520 001721 WL
150 07018 104 REL 2228N11098W 013533 SPG 2225N11106W 015306 =
XXCC  8102/ 99223 71110 08421 88999 77999
31313 09608 80135
51515 10190 70875
61616 NA872 WX14E POTCYCLONE   OB 34
62626 LST WND 030 MBL WND 07523 AEV 33429 DLM WND 06520 001721 WL
150 07018 104 REL 2228N11098W 013533 SPG 2225N11106W 015306 =
XXDD  8102/ 99223 71110 08421 11949 781// 22920 753// 33721 721//
21212 11922 10524 22905 07524 33873 07030 44821 08515 55806 07011
66795 03507 77784 34011 88773 31020 99721 09012
31313 09608 80135
51515 10190 70875
61616 NA872 WX14E POTCYCLONE   OB 34
62626 LST WND 030 MBL WND 07523 AEV 33429 DLM WND 06520 001721 WL
150 07018 104 REL 2228N11098W 013533 SPG 2225N11106W 015306 =
NNNN
