UZPN13 KWBC 311604
XXAA  81141 99286 71191 08489 99008 19808 31014 00070 19405 30511
92752 29072 00507 85501 25869 07014 70161 09650 09513 50588 05978
10013 40759 15189 16001 30970 30182 15502 25097 39576 25507 20247
50173 21508 15429 64167 22507 10670 733// 34513 88119 709// 18011
88100 733// 34513 77999
31313 09608 81334
61616 NA872 WX14E POTCYCLONE   OB 84
62626 MBL WND 32009 AEV 33429 DLM WND 09006 007616 WL150 31011 08
0 REL 2860N11912W 133400 SPG 2861N11914W 135246 =
XXBB  81148 99286 71191 08489 00008 19808 11979 18209 22972 19028
33964 24467 44960 26470 55946 29871 66886 28273 77850 25869 88652
04434 99641 05876 11630 06890 22520 03378 33459 11176 44399 15189
55357 20584 66224 43776 77176 55770 88141 67767 99130 699// 11110
715//
21212 00008 31014 11972 31510 22965 33006 33950 36011 44938 36006
55911 02006 66894 03512 77850 07014 88781 09514 99641 08021 11626
10520 22609 10023 33562 12513 44538 09010 55488 10511 66323 00000
77125 17016 88112 20514 99110 22514 11105 31515 22100 34513
31313 09608 81334
61616 NA872 WX14E POTCYCLONE   OB 84
62626 MBL WND 32009 AEV 33429 DLM WND 09006 007616 WL150 31011 08
0 REL 2860N11912W 133400 SPG 2861N11914W 135246 =
XXCC  81147 99286 71191 08489 70886 681// 07021 88999 77999
31313 09608 81334
51515 10190 50084
61616 NA872 WX14E POTCYCLONE   OB 84
62626 MBL WND 32009 AEV 33429 DLM WND 09006 007616 WL150 31011 08
0 REL 2860N11912W 133400 SPG 2861N11914W 135246 =
XXDD  8114/ 99286 71191 08489 11987 735// 22787 689// 33616 673//
21212 11971 02016 22945 02012 33930 01512 44891 04515 55864 04015
66833 09516 77806 08014 88784 11015 99715 05522 11682 09523 22659
14030 33616 09024
31313 09608 81334
51515 10190 50084
61616 NA872 WX14E POTCYCLONE   OB 84
62626 MBL WND 32009 AEV 33429 DLM WND 09006 007616 WL150 31011 08
0 REL 2860N11912W 133400 SPG 2861N11914W 135246 =
NNNN
