UZPN13 KWBC 310529
XXAA  81051 99215 71083 08318 99001 26602 13038 00012 26603 13038
92699 22201 16549 85434 18800 16551 70089 11800 15543 50584 01503
15519 40759 10912 15016 30974 25726 13018 25104 36342 13520 20254
49350 19508 15436 66364 06010 10668 847// 03021 88104 855// 00526
77999
31313 09608 80432
61616 NA872 WX14E POTCYCLONE   OB 48
62626 MBL WND 14545 AEV 33419 DLM WND 15527 001682 WL150 13540 08
1 REL 2154N10833W 043239 SPG 2163N10839W 045039 =
XXBB  81058 99215 71083 08318 00001 26602 11850 18800 22657 09200
33641 06810 44472 03506 55399 10912 66311 22923 77279 29727 88264
32950 99205 47750 11140 69966 22110 827// 33104 859// 44101 857//
21212 00001 13038 11970 15048 22941 15050 33931 15544 44920 16551
55856 16553 66850 16551 77707 15040 88674 16539 99595 15033 11575
16540 22543 16529 33531 14528 44513 16522 55498 15019 66472 18017
77453 17514 88393 14517 99374 16515 11363 15011 22333 18513 33321
15011 44307 13517 55272 12017 66240 13023 77218 13011 88214 15011
99206 16004 11180 15515 22173 12511 33170 13510 44149 05510 55146
02011 66139 01010 77135 02016 88131 00511 99129 02011 11126 00512
22120 04512 33115 04512 44112 01011 55110 01514 66103 00527
31313 09608 80432
61616 NA872 WX14E POTCYCLONE   OB 48
62626 MBL WND 14545 AEV 33419 DLM WND 15527 001682 WL150 13540 08
1 REL 2154N10833W 043239 SPG 2163N10839W 045039 =
XXCC  81057 99215 71083 08318 70880 709// 35018 88999 77999
31313 09608 80432
51515 10190 50077
61616 NA872 WX14E POTCYCLONE   OB 48
62626 MBL WND 14545 AEV 33419 DLM WND 15527 001682 WL150 13540 08
1 REL 2154N10833W 043239 SPG 2163N10839W 045039 =
XXDD  8105/ 99215 71083 08318 11985 833// 22910 723// 33872 689//
44682 711//
21212 11950 07031 22898 07042 33808 12510 44768 00000 55752 34511
66732 33041 77682 04509
31313 09608 80432
51515 10190 50077
61616 NA872 WX14E POTCYCLONE   OB 48
62626 MBL WND 14545 AEV 33419 DLM WND 15527 001682 WL150 13540 08
1 REL 2154N10833W 043239 SPG 2163N10839W 045039 =
NNNN
