UZPN13 KWBC 310436
XXAA  81031 99174 71059 04775 99009 28223 21522 00079 27425 22023
92767 22612 21028 85502 19626 20530 70148 10235 17532 50588 04106
21026 40760 14519 23024 30973 28326 27508 25101 38339 07514 20250
51757 07014 15430 66764 01525 10665 821// 09024 88999 77999
31313 09608 80250
61616 NA872 WX14E POTCYCLONE   OB 41
62626 SPL 1746N10590W 0308 MBL WND 21524 AEV 33419 DLM WND 20017
 008714 WL150 22023 080 REL 1740N10592W 025055 =
XXBB  81038 99174 71059 04775 00009 28223 11933 23012 22850 19626
33798 16229 44753 14063 55723 11659 66712 10828 77666 07642 88659
07650 99652 08066 11641 07668 22599 03060 33592 02436 44587 01807
55485 05302 66454 08905 77443 09548 88410 14522 99371 17517 11313
25927 22250 38339 33212 48157 44132 72965 55110 797//
21212 00009 21522 11906 21031 22869 20527 33850 20530 44701 17532
55549 20530 66410 21025 77377 25525 88367 25529 99334 25020 11307
29010 22285 20004 33260 10010 44244 06511 55220 07516 66197 07014
77179 01508 88168 36014 99125 03537 11112 03034 22110 04032 33100
09024
31313 09608 80250
61616 NA872 WX14E POTCYCLONE   OB 41
62626 SPL 1746N10590W 0308 MBL WND 21524 AEV 33419 DLM WND 20017
 008714 WL150 22023 080 REL 1740N10592W 025055 =
XXCC  8103/ 99174 71059 04775 88999 77999
31313 09608 80250
51515 10190 70870
61616 NA872 WX14E POTCYCLONE   OB 41
62626 SPL 1746N10590W 0308 MBL WND 21524 AEV 33419 DLM WND 20017
 008714 WL150 22023 080 REL 1740N10592W 025055 =
XXDD  8103/ 99174 71059 04775 11992 823// 22925 813// 33714 703//
21212 11928 09518 22898 07527 33851 10543 44785 10518 55777 11510
66772 17503 77765 26511 88762 27016 99714 10021
31313 09608 80250
51515 10190 70870
61616 NA872 WX14E POTCYCLONE   OB 41
62626 SPL 1746N10590W 0308 MBL WND 21524 AEV 33419 DLM WND 20017
 008714 WL150 22023 080 REL 1740N10592W 025055 =
NNNN
