UZPN13 KWBC 310117
XXAA  81011 99197 71098 04799 99000 26208 25024 00501 ///// /////
92686 22613 27032 85419 192// 28034 70068 108// 30020 50581 02302
30012 40756 11526 34002 30971 26162 09504 25100 36747 31504 20250
49748 21508 15431 66559 08512 10664 833// 07538 88104 847// 06528
77999
31313 09608 80048
61616 NA872 WX14E POTCYCLONE   OB 30
62626 SPL 1972N10978W 0105 MBL WND 26030 AEV 33429 DLM WND 28511
 999718 WL150 25526 082 REL 1973N10981W 004813 =
XXBB  81018 99197 71098 04799 00000 26208 11888 20601 22850 192//
33819 182// 44812 164// 55807 178// 66792 17200 77779 16400 88756
158// 99748 140// 11655 08403 22633 07404 33617 05208 44596 05803
55588 03802 66574 05403 77570 01804 88566 01402 99479 03316 11439
07500 22427 08735 33396 12119 44348 18356 55331 20750 66322 22159
77287 28363 88247 37344 99219 44347 11167 60157 22134 72365 33110
82364 44106 84362 55102 849//
21212 00000 25024 11966 26032 22895 27030 33874 28037 44850 28034
55824 27537 66809 29043 77788 29517 88784 27512 99781 26014 11765
30017 22756 28018 33743 31017 44731 29512 55608 31020 66595 29018
77587 31017 88583 29518 99579 25520 11574 25523 22565 29017 33509
32011 44478 25513 55463 27510 66423 00000 77186 18503 88160 10010
99146 08015 11110 06529
31313 09608 80048
61616 NA872 WX14E POTCYCLONE   OB 30
62626 SPL 1972N10978W 0105 MBL WND 26030 AEV 33429 DLM WND 28511
 999718 WL150 25526 082 REL 1973N10981W 004813 =
XXCC  8101/ 99197 71098 04799 88999 77999
31313 09608 80048
51515 10190 70875
61616 NA872 WX14E POTCYCLONE   OB 30
62626 SPL 1972N10978W 0105 MBL WND 26030 AEV 33429 DLM WND 28511
 999718 WL150 25526 082 REL 1973N10981W 004813 =
XXDD  8101/ 99197 71098 04799 11968 821// 22929 765// 33912 711//
44899 693// 55844 689// 66778 713// 77718 655//
21212 11933 07046 22837 14026 33787 15018 44770 12544 55718 12522
31313 09608 80048
51515 10190 70875
61616 NA872 WX14E POTCYCLONE   OB 30
62626 SPL 1972N10978W 0105 MBL WND 26030 AEV 33429 DLM WND 28511
 999718 WL150 25526 082 REL 1973N10981W 004813 =
NNNN
