UZPN13 KWBC 310059
XXAA  81001 99170 71084 04778 99005 27221 20520 00042 26828 21521
92728 22028 22523 85461 18428 22024 70107 09819 23030 50584 03714
22537 40757 12724 24028 30971 27331 22523 25099 37337 24513 20249
50334 01502 15430 66560 04028 10664 815// 08530 88110 809// 05545
77999
31313 09608 80001
61616 NA872 WX14E POTCYCLONE   OB 26
62626 MBL WND 21521 AEV 33429 DLM WND 22520 004755 WL150 21020 08
1 REL 1704N10839W 000141 SPG 1710N10834W 001830 =
XXBB  81008 99170 71084 04778 00005 27221 11949 23016 22850 18428
33766 14637 44684 08812 55642 06630 66605 03600 77499 03713 88400
12723 99352 18930 11275 31944 22225 43342 33173 58940 44155 64758
55114 80365 66110 807//
21212 00005 20520 11937 22524 22850 22024 33700 23030 44674 22029
55633 23534 66544 22031 77460 22537 88419 22519 99392 24026 11314
22025 22272 24526 33253 24514 44241 22013 55232 22510 66202 33501
77174 04014 88145 03530 99134 05535 11119 04541 22110 06045 33102
09029
31313 09608 80001
61616 NA872 WX14E POTCYCLONE   OB 26
62626 MBL WND 21521 AEV 33429 DLM WND 22520 004755 WL150 21020 08
1 REL 1704N10839W 000141 SPG 1710N10834W 001830 =
XXCC  8100/ 99170 71084 04778 88999 77999
31313 09608 80001
51515 10190 70872
61616 NA872 WX14E POTCYCLONE   OB 26
62626 MBL WND 21521 AEV 33429 DLM WND 22520 004755 WL150 21020 08
1 REL 1704N10839W 000141 SPG 1710N10834W 001830 =
XXDD  8100/ 99170 71084 04778 11987 817// 22925 789// 33873 719//
44846 699// 55798 693// 66755 739//
21212 11977 07534 22893 08544 33847 11536 44809 11032 55800 13520
66797 19518 77755 15019
31313 09608 80001
51515 10190 70872
61616 NA872 WX14E POTCYCLONE   OB 26
62626 MBL WND 21521 AEV 33429 DLM WND 22520 004755 WL150 21020 08
1 REL 1704N10839W 000141 SPG 1710N10834W 001830 =
NNNN
