UZPN13 KWBC 310631
XXAA  81061 99175 71043 04774 99013 26019 17016 00113 25014 16015
92797 22233 15026 85529 18022 18025 70172 10216 19028 50590 04508
22016 40763 13517 21525 30976 28325 27005 25104 38950 15507 20253
52756 01018 15431 68363 01536 10667 775// 07014 88109 781// 08024
77999
31313 09608 80536
61616 NA872 WX14E POTCYCLONE   OB 52
62626 SPL 1755N10435W 0554 MBL WND 16017 AEV 33419 DLM WND 18012
 012697 WL150 16516 081 REL 1751N10434W 053625 =
XXBB  81068 99175 71043 04774 00013 26019 11850 18022 22720 11227
33660 07204 44634 06031 55562 00201 66422 11115 77362 18119 88295
29132 99256 37344 11233 43158 22202 51950 33130 73765 44110 781//
21212 00013 17016 11960 16519 22922 15526 33902 17523 44850 18025
55788 15523 66726 17029 77650 21021 88499 22016 99470 19512 11456
21018 22378 21531 33330 22013 44320 23012 55316 25510 66297 23003
77274 14511 88233 10501 99212 36014 11134 02547 22117 04537 33110
07525 44105 09520
31313 09608 80536
61616 NA872 WX14E POTCYCLONE   OB 52
62626 SPL 1755N10435W 0554 MBL WND 16017 AEV 33419 DLM WND 18012
 012697 WL150 16516 081 REL 1751N10434W 053625 =
XXCC  81067 99175 71043 04774 70873 717// 09040 88999 77999
31313 09608 80536
51515 10190 50071
61616 NA872 WX14E POTCYCLONE   OB 52
62626 SPL 1755N10435W 0554 MBL WND 16017 AEV 33419 DLM WND 18012
 012697 WL150 16516 081 REL 1751N10434W 053625 =
XXDD  8106/ 99175 71043 04774 11892 775// 22697 717//
21212 11974 06012 22921 06524 33877 11030 44821 09028 55747 10059
66697 09039
31313 09608 80536
51515 10190 50071
61616 NA872 WX14E POTCYCLONE   OB 52
62626 SPL 1755N10435W 0554 MBL WND 16017 AEV 33419 DLM WND 18012
 012697 WL150 16516 081 REL 1751N10434W 053625 =
NNNN
