UZPN13 KWBC 302037
XXAA  80201 99216 71148 08414 99008 25630 ///// 00067 25026 34010
92752 24657 02011 85491 20643 06008 70143 11050 12508 50588 05135
08514 40759 16511 12015 30972 27172 19021 25101 36775 18020 20251
51163 17524 15431 65566 14017 10671 767// 09530 88120 751// 08011
77999
31313 09608 82005
61616 NA872 WX14E POTCYCLONE   OB 06
62626 LST WND 014 MBL WND 35010 AEV 33431 DLM WND 10507 006847 WL
150 34509 088 REL 2161N11478W 200525 SPG 2163N11481W 202236 =
XXBB  80208 99216 71148 08414 00008 25630 11976 23629 22964 25065
33960 25466 44955 25859 55850 20643 66797 16412 77753 14256 88742
13428 99696 10656 11689 10031 22663 08439 33635 07459 44625 06247
55574 01627 66560 00850 77498 05337 88470 08535 99452 10306 11393
17714 22390 17535 33386 16186 44383 16186 55334 20775 66299 27372
77291 28763 88254 35775 99195 52762 11139 69367 22122 749// 33110
757//
21212 00008 ///// 11006 02009 22969 35510 33949 02011 44873 03513
55862 03510 66850 06008 77776 05515 88742 09013 99725 09010 11600
02512 22592 05513 33560 07512 44544 08510 55525 07004 66493 08518
77467 07014 88409 11015 99389 13514 11381 17512 22349 20019 33317
20020 44295 18023 55206 18020 66171 15529 77152 14521 88135 08504
99127 10511 11121 08011 22110 08027 33106 08537 44100 09531
31313 09608 82005
61616 NA872 WX14E POTCYCLONE   OB 06
62626 LST WND 014 MBL WND 35010 AEV 33431 DLM WND 10507 006847 WL
150 34509 088 REL 2161N11478W 200525 SPG 2163N11481W 202236 =
XXCC  8020/ 99216 71148 08414 88999 77999
31313 09608 82005
51515 10190 70873
61616 NA872 WX14E POTCYCLONE   OB 06
62626 LST WND 014 MBL WND 35010 AEV 33431 DLM WND 10507 006847 WL
150 34509 088 REL 2161N11478W 200525 SPG 2163N11481W 202236 =
XXDD  8020/ 99216 71148 08414 11847 771//
21212 11969 08023 22935 06022 33920 02520 44906 32537 55847 10020
31313 09608 82005
51515 10190 70873
61616 NA872 WX14E POTCYCLONE   OB 06
62626 LST WND 014 MBL WND 35010 AEV 33431 DLM WND 10507 006847 WL
150 34509 088 REL 2161N11478W 200525 SPG 2163N11481W 202236 =
NNNN
