UZPN13 KWBC 310542
XXAA  81051 99192 71058 04795 99011 26200 08518 00093 25200 09528
92778 22200 12034 85511 18600 18034 70163 11600 21520 50590 03909
21519 40763 13514 22526 30976 27914 21006 25104 38526 17009 20253
51750 13505 15433 68562 35514 10668 769// 09021 88117 775// 04033
77999
31313 09608 80509
61616 NA872 WX14E POTCYCLONE   OB 50
62626 MBL WND 10029 AEV 33419 DLM WND 18016 010681 WL150 09527 08
2 REL 1915N10578W 050946 SPG 1922N10578W 052834 =
XXBB  81058 99192 71058 04795 00011 26200 11850 18600 22735 13600
33709 10600 44694 11600 55689 10000 66658 09600 77654 06801 88635
04805 99587 02602 11521 03109 22511 02706 33374 16317 44318 24520
55243 40129 66189 55150 77133 73765 88120 773// 99110 779//
21212 00011 08518 11004 09027 22995 10030 33978 10028 44940 11035
55924 12034 66919 12537 77910 11532 88893 15036 99887 15031 11850
18034 22826 18025 33801 20514 44789 19530 55780 21039 66740 22023
77726 21037 88704 22525 99699 21019 11688 22530 22684 20525 33668
19531 44662 21031 55564 20038 66517 19533 77505 20014 88501 21518
99495 19528 11479 21038 22438 20019 33412 22029 44395 23027 55375
21014 66357 19011 77349 16510 88337 21010 99328 22015 11293 21004
22192 07005 33179 03011 44141 35514 55133 02022 66121 03036 77110
07527 88104 11023
31313 09608 80509
61616 NA872 WX14E POTCYCLONE   OB 50
62626 MBL WND 10029 AEV 33419 DLM WND 18016 010681 WL150 09527 08
2 REL 1915N10578W 050946 SPG 1922N10578W 052834 =
XXCC  81057 99192 71058 04795 70877 707// 03517 88999 77999
31313 09608 80509
51515 10190 50075
61616 NA872 WX14E POTCYCLONE   OB 50
62626 MBL WND 10029 AEV 33419 DLM WND 18016 010681 WL150 09527 08
2 REL 1915N10578W 050946 SPG 1922N10578W 052834 =
XXDD  8105/ 99192 71058 04795 11909 771// 22874 749// 33681 703//
21212 11950 08528 22906 10531 33865 10527 44800 08519 55764 05513
66731 35523 77681 06519
31313 09608 80509
51515 10190 50075
61616 NA872 WX14E POTCYCLONE   OB 50
62626 MBL WND 10029 AEV 33419 DLM WND 18016 010681 WL150 09527 08
2 REL 1915N10578W 050946 SPG 1922N10578W 052834 =
NNNN
