UZPN13 KWBC 311216
XXAA  81111 99228 71153 08425 99005 24622 35017 00048 24219 34015
92728 24659 33514 85468 21861 03006 70120 10660 05008 50584 05347
05510 40756 15532 11518 30969 27375 17516 25098 37564 16518 20247
50958 20008 15428 65765 18018 10665 781// 10015 88106 791// 12514
77999
31313 09608 81055
61616 NA872 WX14E POTCYCLONE   OB 71
62626 MBL WND 34514 AEV 33431 DLM WND 09503 005636 WL150 34515 08
1 REL 2281N11531W 105500 SPG 2283N11533W 111313 =
XXBB  81118 99228 71153 08425 00005 24622 11941 20406 22930 24058
33916 25061 44868 22256 55850 21861 66783 16860 77757 14449 88725
12459 99706 10857 11696 10261 22619 02634 33607 02060 44597 01035
55585 00859 66542 00956 77497 05547 88488 06158 99480 06576 11459
08178 22453 09160 33446 09960 44441 10350 55432 11347 66429 11920
77415 13349 88392 16731 99389 16756 11385 15984 22379 15588 33349
18781 44327 22768 55277 31579 66260 34968 77223 44557 88192 52761
99138 69767 11110 779// 22103 795//
21212 00005 35017 11922 33014 22896 31505 33850 03006 44745 05010
55573 03501 66463 05513 77442 09512 88390 12019 99376 16515 11360
18015 22341 16515 33315 19015 44302 17516 55273 20015 66259 17018
77245 16519 88214 21010 99197 21007 11181 21513 22140 16024 33129
18010 44124 17013 55120 18510 66112 13010 77110 13510
31313 09608 81055
61616 NA872 WX14E POTCYCLONE   OB 71
62626 MBL WND 34514 AEV 33431 DLM WND 09503 005636 WL150 34515 08
1 REL 2281N11531W 105500 SPG 2283N11533W 111313 =
XXCC  81117 99228 71153 08425 70878 695// 11520 88999 77999
31313 09608 81055
51515 10190 50075
61616 NA872 WX14E POTCYCLONE   OB 71
62626 MBL WND 34514 AEV 33431 DLM WND 09503 005636 WL150 34515 08
1 REL 2281N11531W 105500 SPG 2283N11533W 111313 =
XXDD  8111/ 99228 71153 08425 11636 677//
21212 11998 09516 22892 08021 33840 11034 44817 11028 55804 08519
66777 08017 77752 07021 88716 08520 99681 15533 11636 12026
31313 09608 81055
51515 10190 50075
61616 NA872 WX14E POTCYCLONE   OB 71
62626 MBL WND 34514 AEV 33431 DLM WND 09503 005636 WL150 34515 08
1 REL 2281N11531W 105500 SPG 2283N11533W 111313 =
NNNN
