UZPN13 KWBC 311537
XXAA  81131 99277 71224 08572 99011 19819 00514 00095 19014 35016
92770 27083 04514 85513 23664 07008 70167 09057 07011 50588 04383
21512 40760 16785 20004 30971 299// 27520 25098 399// 27017 20247
505// 28517 15429 645// 22012 10669 739// 35019 88999 77999
31313 09608 81248
61616 NA872 WX14E POTCYCLONE   OB 80
62626 SPL 2772N12241W 1306 MBL WND 35516 AEV 33429 DLM WND 31502
 010634 WL150 35515 080 REL 2773N12242W 124817 =
XXBB  81138 99277 71224 08572 00011 19819 11966 16810 22957 18039
33949 25476 44940 27478 55893 26469 66850 23664 77778 17463 88645
03033 99615 02469 11597 01271 22574 03085 33387 17399 44327 25385
55215 465// 66180 551// 77135 695// 88110 721//
21212 00011 00514 11003 35016 22960 35517 33955 35515 44953 01513
55949 04017 66944 04520 77927 04516 88920 05512 99888 04017 11872
04012 22862 05509 33850 07008 44798 05513 55732 06013 66591 10510
77570 16514 88561 17512 99549 16012 11511 21013 22399 20504 33391
24510 44378 27010 55366 25516 66297 28021 77276 28017 88265 26014
99240 27516 11233 26010 22226 27514 33220 26015 44197 28518 55182
25518 66154 24513 77146 20515 88131 19015 99119 24514 11115 21014
22110 23512 33107 26014 44105 30014 55103 32516
31313 09608 81248
61616 NA872 WX14E POTCYCLONE   OB 80
62626 SPL 2772N12241W 1306 MBL WND 35516 AEV 33429 DLM WND 31502
 010634 WL150 35515 080 REL 2773N12242W 124817 =
XXCC  81137 99277 71224 08572 70884 691// 08510 88992 739// 36019
88898 749// 08012 77999
31313 09608 81248
51515 10190 50081
61616 NA872 WX14E POTCYCLONE   OB 80
62626 SPL 2772N12241W 1306 MBL WND 35516 AEV 33429 DLM WND 31502
 010634 WL150 35515 080 REL 2773N12242W 124817 =
XXDD  8113/ 99277 71224 08572 11868 755// 22816 725// 33634 671//
21212 11963 02014 22940 07011 33922 08513 44864 06014 55819 09018
66815 07516 77798 06519 88751 09027 99701 08511 11691 35502 22684
29511 33680 29515 44634 09016
31313 09608 81248
51515 10190 50081
61616 NA872 WX14E POTCYCLONE   OB 80
62626 SPL 2772N12241W 1306 MBL WND 35516 AEV 33429 DLM WND 31502
 010634 WL150 35515 080 REL 2773N12242W 124817 =
NNNN
