UZPN13 KWBC 310535
XXAA  81051 99200 71067 04706 99008 28829 17526 00069 28228 18030
92758 22613 18040 85491 17806 18540 70134 09000 19049 50586 03708
20039 40760 12719 20527 30974 26930 18011 25103 37334 09009 20252
50530 00507 15433 67963 32513 10668 779// 08523 88113 791// 06030
77999
31313 09608 80456
61616 NA872 WX14E POTCYCLONE   OB 49
62626 SPL 2010N10666W 0514 MBL WND 17531 AEV 33419 DLM WND 19028
 007674 WL150 18029 080 REL 1999N10668W 045621 =
XXBB  81058 99200 71067 04706 00008 28829 11850 17806 22786 15643
33744 12200 44489 04509 55354 18324 66301 26730 77232 41734 88194
52737 99134 72765 11125 763// 22110 793// 33104 769//
21212 00008 17526 11005 17524 22999 18030 33991 18032 44980 17530
55936 17535 66929 17540 77914 18040 88909 18043 99850 18540 11631
19549 22405 21027 33372 19527 44341 20518 55316 17515 66295 17512
77282 16510 88270 13004 99166 35506 11142 32517 22134 36014 33126
00513 44122 04021 55110 06526 66102 09023
31313 09608 80456
61616 NA872 WX14E POTCYCLONE   OB 49
62626 SPL 2010N10666W 0514 MBL WND 17531 AEV 33419 DLM WND 19028
 007674 WL150 18029 080 REL 1999N10668W 045621 =
XXCC  81057 99200 71067 04706 70878 709// 04518 88999 77999
31313 09608 80456
51515 10190 50075
61616 NA872 WX14E POTCYCLONE   OB 49
62626 SPL 2010N10666W 0514 MBL WND 17531 AEV 33419 DLM WND 19028
 007674 WL150 18029 080 REL 1999N10668W 045621 =
XXDD  8105/ 99200 71067 04706 11968 783// 22854 727// 33674 707//
21212 11957 06524 22917 10025 33881 09530 44854 11027 55818 07519
66776 07512 77739 06017 88720 01020 99674 08525
31313 09608 80456
51515 10190 50075
61616 NA872 WX14E POTCYCLONE   OB 49
62626 SPL 2010N10666W 0514 MBL WND 17531 AEV 33419 DLM WND 19028
 007674 WL150 18029 080 REL 1999N10668W 045621 =
NNNN
