UZPN13 KWBC 311530
XXAA  81131 99270 71226 08572 99010 20421 34513 00086 19616 35014
92758 25064 03006 85499 23267 07510 70154 09849 08508 50588 04970
22012 40760 14387 28507 30971 29981 30016 25099 391// 30013 20248
50372 29018 15430 64368 22008 10670 725// 35514 88123 729// 18013
77999
31313 09608 81239
61616 NA872 WX14E POTCYCLONE   OB 79
62626 MBL WND 35514 AEV 33429 DLM WND 35001 009625 WL150 36011 08
3 REL 2698N12264W 123900 SPG 2698N12264W 125731 =
XXBB  81138 99270 71226 08572 00010 20421 11952 16409 22947 17633
33940 23468 44926 25064 55915 25667 66850 23267 77838 21862 88811
20064 99794 18658 11665 05822 22640 05871 33602 02271 44578 03893
55551 01882 66485 07164 77465 09570 88442 09391 99373 17582 11296
30582 22281 329// 33226 437// 44224 44376 55169 57969 66144 66568
77123 727// 88110 719//
21212 00010 34513 11008 03506 22998 35015 33957 35516 44945 36013
55933 03506 66916 05509 77907 07006 88888 06511 99883 05010 11860
07007 22850 07510 33810 08013 44788 10512 55766 09514 66733 11511
77716 10011 88627 03510 99577 00000 11518 24512 22505 21511 33486
20517 44442 00000 55389 30010 66375 28010 77318 29517 88287 30515
99267 28510 11247 30014 22231 30010 33223 28510 44189 29017 55175
25510 66164 27011 77129 18511 88125 16512 99122 18013 11116 18015
22110 23012 33107 25010 44104 30011
31313 09608 81239
61616 NA872 WX14E POTCYCLONE   OB 79
62626 MBL WND 35514 AEV 33429 DLM WND 35001 009625 WL150 36011 08
3 REL 2698N12264W 123900 SPG 2698N12264W 125731 =
XXCC  81137 99270 71226 08572 70884 703// 11020 88999 77999
31313 09608 81239
51515 10190 50081
61616 NA872 WX14E POTCYCLONE   OB 79
62626 MBL WND 35514 AEV 33429 DLM WND 35001 009625 WL150 36011 08
3 REL 2698N12264W 123900 SPG 2698N12264W 125731 =
XXDD  8113/ 99270 71226 08572 11954 725// 22835 753// 33625 679//
21212 11978 03013 22941 03019 33869 03507 44851 03011 55820 06023
66721 09025 77669 14538 88625 11533
31313 09608 81239
51515 10190 50081
61616 NA872 WX14E POTCYCLONE   OB 79
62626 MBL WND 35514 AEV 33429 DLM WND 35001 009625 WL150 36011 08
3 REL 2698N12264W 123900 SPG 2698N12264W 125731 =
NNNN
