UZPN13 KWBC 302328
XXAA  80231 99215 71123 08412 99003 27026 34515 00022 26825 35014
92711 25458 05021 85450 20650 04519 70104 11857 01023 50584 03350
05013 40757 12721 06005 30971 26729 13503 25100 36936 12006 20250
49960 14514 15432 65563 14526 10668 789// 11032 88999 77999
31313 09608 82255
61616 NA872 WX14E POTCYCLONE   OB 21
62626 SPL 2143N11236W 2312 MBL WND 36016 AEV 33431 DLM WND 05011
 002776 WL150 34515 081 REL 2145N11231W 225509 =
XXBB  80238 99215 71123 08412 00003 27026 11967 24420 22957 25457
33944 26259 44850 20650 55805 17044 66790 16657 77769 14847 88743
15459 99653 07656 11617 04625 22598 05060 33585 03866 44579 03259
55531 01126 66527 01130 77523 01159 88517 01357 99454 08122 11424
10356 22398 12920 33366 16726 44313 24910 55300 26729 66254 35940
77245 38337 88231 41558 99214 45950 11197 50760 22132 71966 33114
781// 44110 779// 55102 793//
21212 00003 34515 11967 35016 22946 03516 33920 05021 44894 03015
55864 03514 66850 04519 77800 00514 88755 04520 99698 01023 11649
02019 22622 04015 33594 00517 44535 03016 55523 05517 66497 05012
77450 07015 88426 06018 99407 04010 11383 00000 22230 15505 33207
12512 44199 14514 55183 13519 66167 15030 77153 14527 88121 10019
99110 10022 11101 11033
31313 09608 82255
61616 NA872 WX14E POTCYCLONE   OB 21
62626 SPL 2143N11236W 2312 MBL WND 36016 AEV 33431 DLM WND 05011
 002776 WL150 34515 081 REL 2145N11231W 225509 =
XXCC  8023/ 99215 71123 08412 88999 77999
31313 09608 82255
51515 10190 70875
61616 NA872 WX14E POTCYCLONE   OB 21
62626 SPL 2143N11236W 2312 MBL WND 36016 AEV 33431 DLM WND 05011
 002776 WL150 34515 081 REL 2145N11231W 225509 =
XXDD  8023/ 99215 71123 08412 11963 783// 22776 717//
21212 11963 13524 22945 12515 33918 10520 44886 10528 55853 08520
66826 03520 77776 09022
31313 09608 82255
51515 10190 70875
61616 NA872 WX14E POTCYCLONE   OB 21
62626 SPL 2143N11236W 2312 MBL WND 36016 AEV 33431 DLM WND 05011
 002776 WL150 34515 081 REL 2145N11231W 225509 =
NNNN
