UZPN13 KWBC 310113
XXAA  81011 99189 71090 04789 99003 26408 23029 00023 26413 24031
92709 22200 25027 85443 18600 25031 70094 11800 25023 50584 02505
23511 40758 11916 22509 30972 26327 22506 25101 36735 22006 20252
50147 33504 15432 66563 03514 10666 815// 08034 88107 831// 07536
77999
31313 09608 80036
61616 NA872 WX14E POTCYCLONE   OB 29
62626 SPL 1893N10897W 0054 MBL WND 24534 AEV 33429 DLM WND 24014
 001726 WL150 24033 086 REL 1891N10901W 003658 =
XXBB  81018 99189 71090 04789 00003 26408 11850 18600 22673 10400
33603 03203 44529 00302 55467 05108 66380 14118 77309 24727 88254
35735 99198 50548 11138 71166 22110 819// 33106 833//
21212 00003 23029 11995 24034 22956 25035 33921 25026 44850 25031
55693 25020 66685 23523 77670 24525 88650 22523 99619 23519 11607
22515 22571 26014 33498 23511 44472 23011 55462 24510 66410 22510
77373 26012 88361 23510 99229 27004 11160 04008 22132 04015 33122
07018 44110 07532
31313 09608 80036
61616 NA872 WX14E POTCYCLONE   OB 29
62626 SPL 1893N10897W 0054 MBL WND 24534 AEV 33429 DLM WND 24014
 001726 WL150 24033 086 REL 1891N10901W 003658 =
XXCC  8101/ 99189 71090 04789 88999 77999
31313 09608 80036
51515 10190 70875
61616 NA872 WX14E POTCYCLONE   OB 29
62626 SPL 1893N10897W 0054 MBL WND 24534 AEV 33429 DLM WND 24014
 001726 WL150 24033 086 REL 1891N10901W 003658 =
XXDD  8101/ 99189 71090 04789 11956 809// 22915 755// 33726 659//
21212 11925 07543 22908 09046 33810 13519 44777 13550 55726 13022
31313 09608 80036
51515 10190 70875
61616 NA872 WX14E POTCYCLONE   OB 29
62626 SPL 1893N10897W 0054 MBL WND 24534 AEV 33429 DLM WND 24014
 001726 WL150 24033 086 REL 1891N10901W 003658 =
NNNN
