UZPN13 KWBC 311543
XXAA  81131 99276 71214 08571 99009 19617 31509 00075 18813 34513
92753 27069 02510 85495 23265 02507 70148 09259 06011 50587 05369
21507 40758 15384 33002 30970 301// 29012 25097 393// 27006 20246
49974 28514 15428 64568 21508 10669 733// 34014 88123 723// 17012
77999
31313 09608 81258
61616 NA872 WX14E POTCYCLONE   OB 81
62626 MBL WND 34512 AEV 33429 DLM WND 36002 008627 WL150 34012 08
3 REL 2764N12144W 125824 SPG 2763N12143W 131631 =
XXBB  81138 99276 71214 08571 00009 19617 11971 17011 22963 18036
33955 24071 44950 26483 55944 27268 66935 27669 77850 23265 88678
06857 99649 05269 11628 04666 22620 04877 33564 02695 44459 11365
55447 11976 66423 12390 77367 19183 88308 28983 99223 44177 11173
56771 22145 66168 33122 725// 44110 713//
21212 00009 31509 11003 34512 22988 34513 33958 35012 44949 05005
55919 01511 66908 03508 77884 02014 88850 02507 99710 06011 11665
05510 22600 13010 33585 12010 44491 21510 55458 21511 66437 17510
77364 28010 88283 30014 99234 29010 11221 26010 22203 29016 33194
27013 44186 27512 55180 25511 66125 16510 77113 18018 88110 20014
99103 30011 11101 33013
31313 09608 81258
61616 NA872 WX14E POTCYCLONE   OB 81
62626 MBL WND 34512 AEV 33429 DLM WND 36002 008627 WL150 34012 08
3 REL 2764N12144W 125824 SPG 2763N12143W 131631 =
XXCC  81137 99276 71214 08571 70883 693// 06517 88943 741// 02515
77999
31313 09608 81258
51515 10190 50080
61616 NA872 WX14E POTCYCLONE   OB 81
62626 MBL WND 34512 AEV 33429 DLM WND 36002 008627 WL150 34012 08
3 REL 2764N12144W 125824 SPG 2763N12143W 131631 =
XXDD  8113/ 99276 71214 08571 11861 751// 22798 705// 33627 685//
21212 11922 04011 22870 00508 33821 07019 44798 07015 55797 08019
66781 09024 77757 08526 88688 06514 99684 06011 11676 00506 22627
09017
31313 09608 81258
51515 10190 50080
61616 NA872 WX14E POTCYCLONE   OB 81
62626 MBL WND 34512 AEV 33429 DLM WND 36002 008627 WL150 34012 08
3 REL 2764N12144W 125824 SPG 2763N12143W 131631 =
NNNN
