UZPN13 KWBC 311038
XXAA  81101 99217 71209 08510 99008 24236 28012 00068 23629 36010
92745 18010 28505 85478 21058 11008 70132 10842 08005 50585 06370
05520 40755 20120 05027 30968 275// 01523 25096 373// 21003 20246
499// 31002 15428 64567 17511 10666 785// 10004 88106 779// 11014
77999
31313 09608 80936
61616 NA872 WX14E POTCYCLONE   OB 65
62626 MBL WND 35007 AEV 33431 DLM WND 06007 007632 WL150 35008 08
5 REL 2165N12089W 093618 SPG 2163N12091W 095359 =
XXBB  81108 99217 71209 08510 00008 24236 11912 17213 22906 18028
33899 22064 44892 22864 55887 22659 66850 21058 77649 06019 88641
05429 99630 05063 11610 03262 22576 01473 33571 00864 44548 01967
55529 03561 66502 06170 77461 09959 88399 20324 99397 20134 11392
17584 22387 167// 33338 215// 44268 331// 55208 475// 66191 52573
77137 69167 88110 777//
21212 00008 28012 11004 33508 22952 31503 33909 28005 44903 22001
55896 13508 66887 13011 77850 11008 88654 10510 99635 12010 11544
10510 22537 08508 33522 06011 44496 05519 55415 05527 66396 05027
77389 02522 88381 03519 99362 01023 11305 01024 22270 01510 33254
27001 44150 17510 55124 15010 66117 09510 77110 11014 88103 11510
31313 09608 80936
61616 NA872 WX14E POTCYCLONE   OB 65
62626 MBL WND 35007 AEV 33431 DLM WND 06007 007632 WL150 35008 08
5 REL 2165N12089W 093618 SPG 2163N12091W 095359 =
XXCC  81107 99217 71209 08510 70879 707// 22501 88999 77999
31313 09608 80936
51515 10190 50074
61616 NA872 WX14E POTCYCLONE   OB 65
62626 MBL WND 35007 AEV 33431 DLM WND 06007 007632 WL150 35008 08
5 REL 2165N12089W 093618 SPG 2163N12091W 095359 =
XXDD  8110/ 99217 71209 08510 11000 785// 22855 727// 33632 701//
21212 11997 09004 22979 06510 33945 07525 44905 07518 55882 06525
66845 10535 77786 11525 88734 08021 99710 07510 11701 10501 22692
26012 33677 29032 44632 03013
31313 09608 80936
51515 10190 50074
61616 NA872 WX14E POTCYCLONE   OB 65
62626 MBL WND 35007 AEV 33431 DLM WND 06007 007632 WL150 35008 08
5 REL 2165N12089W 093618 SPG 2163N12091W 095359 =
NNNN
