UZPN13 KWBC 310015
XXAA  81001 99188 71099 04789 99002 27426 26024 00019 27026 26024
92706 22230 27024 85439 18622 27524 70086 10210 29015 50582 03110
34007 40756 12117 10503 30971 26529 15008 25100 36739 21006 20250
49950 11503 15431 66161 12007 10665 821// 09040 88109 819// 08037
77999
31313 09608 82335
61616 NA872 WX14E POTCYCLONE   OB 24
62626 AEV 33429 DLM WND 27506 002768 WL150 26024 079 REL 1877N109
93W 233517 SPG 1877N10991W 235158 =
XXBB  81008 99188 71099 04789 00002 27426 11946 23422 22933 23047
33850 18622 44794 15407 55734 12627 66533 00508 77445 07515 88364
16521 99293 27732 11231 41342 22162 61758 33116 79366 44110 817//
55106 803// 66100 821//
21212 00002 26024 11957 26027 22898 27022 33868 28027 44850 27524
55772 26515 66623 31015 77602 29012 88420 00000 99148 11007 11110
08033 22103 09539
31313 09608 82335
61616 NA872 WX14E POTCYCLONE   OB 24
62626 AEV 33429 DLM WND 27506 002768 WL150 26024 079 REL 1877N109
93W 233517 SPG 1877N10991W 235158 =
XXCC  8100/ 99188 71099 04789 88999 77999
31313 09608 82335
51515 10190 70873
61616 NA872 WX14E POTCYCLONE   OB 24
62626 AEV 33429 DLM WND 27506 002768 WL150 26024 079 REL 1877N109
93W 233517 SPG 1877N10991W 235158 =
XXDD  8100/ 99188 71099 04789 11980 813// 22944 757// 33892 719//
44835 727// 55823 713// 66768 755//
21212 11919 08538 22871 10520 33836 12028 44824 10514 55821 00506
66768 13023
31313 09608 82335
51515 10190 70873
61616 NA872 WX14E POTCYCLONE   OB 24
62626 AEV 33429 DLM WND 27506 002768 WL150 26024 079 REL 1877N109
93W 233517 SPG 1877N10991W 235158 =
NNNN
