UZPN13 KWBC 311002
XXAA  81091 99208 71228 08502 99010 23820 ///// 00086 23020 36015
92763 18410 13005 85489 21660 10010 70148 12060 08509 50587 06968
10515 40758 121// 03036 30972 283// 01027 25100 383// 00516 20249
50573 01510 15430 65967 07016 10667 791// 12015 88105 785// 10520
77999
31313 09608 80907
61616 NA872 WX14E POTCYCLONE   OB 62
62626 LST WND 024 MBL WND 00511 AEV 33431 DLM WND 05011 007638 WL
150 36013 099 REL 2084N12275W 090737 SPG 2081N12279W 092535 =
XXBB  81098 99208 71228 08502 00010 23820 11878 15610 22872 16424
33865 20658 44855 21659 55850 21660 66737 15460 77648 07264 88609
02659 99595 02876 11566 02077 22459 12964 33448 13970 44438 11791
55434 113// 66409 111// 77316 251// 88221 447// 99202 49974 11140
69567 22110 781// 33101 793//
21212 00010 ///// 11007 04011 22005 01012 33999 36015 44973 01010
55930 11504 66902 12504 77871 09008 88865 10512 99850 10010 11778
07011 22724 08011 33574 01503 44550 10510 55499 10515 66446 08023
77435 03012 88428 01516 99403 03037 11314 00530 22294 01526 33275
35020 44263 00523 55242 35513 66236 01010 77230 34507 88156 05522
99120 12514 11110 09016
31313 09608 80907
61616 NA872 WX14E POTCYCLONE   OB 62
62626 LST WND 024 MBL WND 00511 AEV 33431 DLM WND 05011 007638 WL
150 36013 099 REL 2084N12275W 090737 SPG 2081N12279W 092535 =
XXCC  81097 99208 71228 08502 70880 711// 14520 88999 77999
31313 09608 80907
51515 10190 50075
61616 NA872 WX14E POTCYCLONE   OB 62
62626 LST WND 024 MBL WND 00511 AEV 33431 DLM WND 05011 007638 WL
150 36013 099 REL 2084N12275W 090737 SPG 2081N12279W 092535 =
XXDD  8109/ 99208 71228 08502 11878 725// 22638 707//
21212 11999 12015 22967 08014 33924 11511 44905 09506 55892 07517
66857 09531 77748 09023 88715 11519 99704 13518 11686 16539 22638
09516
31313 09608 80907
51515 10190 50075
61616 NA872 WX14E POTCYCLONE   OB 62
62626 LST WND 024 MBL WND 00511 AEV 33431 DLM WND 05011 007638 WL
150 36013 099 REL 2084N12275W 090737 SPG 2081N12279W 092535 =
NNNN
