UZPN13 KWBC 311137
XXAA  81101 99210 71170 08417 99008 24818 30511 00066 24215 31513
92747 23648 30504 85485 20835 16002 70137 09817 04004 50585 07161
13006 40757 135// 15514 30971 27179 17519 25099 37969 18515 20249
51161 22016 15429 66166 27010 10665 775// 07522 88108 795// 11023
77999
31313 09608 81018
61616 NA872 WX14E POTCYCLONE   OB 68
62626 MBL WND 31513 AEV 33431 DLM WND 14004 006632 WL150 31513 08
5 REL 2098N11695W 101840 SPG 2100N11696W 103638 =
XXBB  81108 99210 71170 08417 00008 24818 11947 20606 22933 22656
33923 23649 44867 22257 55850 20835 66813 18042 77802 17219 88775
16256 99689 08812 11662 07650 22626 04215 33585 01232 44541 04301
55519 06509 66499 07162 77491 07756 88468 09531 99458 10747 11453
10369 22444 10192 33364 159// 44312 24584 55279 30779 66197 51961
77136 71166 88110 791// 99106 795//
21212 00008 30511 11996 31514 22955 31012 33937 30011 44923 29503
55850 16002 66664 05010 77646 03512 88507 09004 99496 13010 11458
10525 22444 11511 33437 14509 44410 13514 55382 17014 66337 16516
77315 18015 88303 17018 99284 19019 11264 19515 22252 18514 33232
22015 44219 20512 55205 22514 66189 20012 77175 15514 88167 15512
99150 27010 11141 25010 22133 31003 33127 08510 44119 13516 55114
10519 66110 10524 77105 11521
31313 09608 81018
61616 NA872 WX14E POTCYCLONE   OB 68
62626 MBL WND 31513 AEV 33431 DLM WND 14004 006632 WL150 31513 08
5 REL 2098N11695W 101840 SPG 2100N11696W 103638 =
XXCC  81107 99210 71170 08417 70878 707// 06003 88999 77999
31313 09608 81018
51515 10190 50074
61616 NA872 WX14E POTCYCLONE   OB 68
62626 MBL WND 31513 AEV 33431 DLM WND 14004 006632 WL150 31513 08
5 REL 2098N11695W 101840 SPG 2100N11696W 103638 =
XXDD  8110/ 99210 71170 08417 11947 769// 22895 737// 33632 693//
21212 11990 07025 22925 10524 33887 08526 44842 10532 55813 12014
66755 10522 77712 09010 88698 02503 99690 30011 11679 29027 22632
08016
31313 09608 81018
51515 10190 50074
61616 NA872 WX14E POTCYCLONE   OB 68
62626 MBL WND 31513 AEV 33431 DLM WND 14004 006632 WL150 31513 08
5 REL 2098N11695W 101840 SPG 2100N11696W 103638 =
NNNN
