UZPN13 KWBC 302332
XXAA  80231 99206 71115 08401 99001 26825 31519 00011 26824 31519
92697 22404 01020 85433 19029 36017 70082 11857 01026 50582 03102
04516 40756 13123 04513 30970 26728 10515 25099 36933 07504 20249
49764 12516 15431 65559 12024 10666 791// 09534 88999 77999
31313 09608 82307
61616 NA872 WX14E POTCYCLONE   OB 22
62626 SPL 2055N11159W 2324 MBL WND 32519 AEV 33431 DLM WND 03514
 001760 WL150 31519 081 REL 2059N11154W 230752 =
XXBB  80238 99206 71115 08401 00001 26825 11955 23206 22919 22006
33902 22649 44850 19029 55791 16250 66734 12414 77726 12847 88699
11857 99685 10440 11620 06238 22483 04701 33442 07934 44369 16512
55348 18734 66287 29133 77240 39524 88233 41147 99228 42160 11223
43357 22214 45956 33202 48966 44181 55349 55159 62557 66119 77965
77113 78565 88110 795// 99103 803//
21212 00001 31519 11974 31520 22929 00519 33906 01024 44850 36017
55823 01025 66791 35529 77722 02032 88625 36021 99565 04018 11516
03015 22504 05014 33415 03510 44397 05013 55387 02511 66362 06015
77350 05011 88322 07011 99302 10514 11281 10510 22247 06503 33189
13518 44161 14025 55153 12025 66120 11534 77110 09534 88103 09540
31313 09608 82307
61616 NA872 WX14E POTCYCLONE   OB 22
62626 SPL 2055N11159W 2324 MBL WND 32519 AEV 33431 DLM WND 03514
 001760 WL150 31519 081 REL 2059N11154W 230752 =
XXCC  8023/ 99206 71115 08401 88999 77999
31313 09608 82307
51515 10190 70874
61616 NA872 WX14E POTCYCLONE   OB 22
62626 SPL 2055N11159W 2324 MBL WND 32519 AEV 33431 DLM WND 03514
 001760 WL150 31519 081 REL 2059N11154W 230752 =
XXDD  8023/ 99206 71115 08401 11914 779// 22879 747// 33760 711//
21212 11972 10025 22942 08515 33871 10020 44838 07523 55814 09029
66803 08017 77760 09523
31313 09608 82307
51515 10190 70874
61616 NA872 WX14E POTCYCLONE   OB 22
62626 SPL 2055N11159W 2324 MBL WND 32519 AEV 33431 DLM WND 03514
 001760 WL150 31519 081 REL 2059N11154W 230752 =
NNNN
