UZPN13 KWBC 311630
XXAA  81141 99301 71202 12100 99009 20024 32515 00081 19218 32017
92769 31477 00518 85519 25871 02515 70184 11058 06511 50589 05978
16012 40760 17586 23008 30970 30581 22527 25097 401// 22027 20246
493// 25031 15428 629// 21028 10670 719// 05508 88109 733// 29520
77999
31313 09608 81359
61616 NA872 WX14E POTCYCLONE   OB 86
62626 SPL 3016N12023W 1417 MBL WND 34518 AEV 33429 DLM WND 20502
 008624 WL150 32018 083 REL 3014N12023W 135917 =
XXBB  81148 99301 71202 12100 00009 20024 11988 18623 22977 20658
33965 30891 44953 32286 55927 31677 66850 25871 77795 21467 88619
01219 99615 01227 11605 02268 22589 00458 33570 00182 44523 03181
55449 13371 66422 14987 77357 22380 88292 31582 99200 495// 11110
731// 22105 735//
21212 00009 32515 11007 32521 22000 32017 33983 33019 44973 35525
55966 01520 66952 35015 77893 00521 88850 02515 99761 03006 11697
07011 22631 06513 33615 08015 44604 11022 55589 11026 66550 14015
77533 12512 88526 14014 99510 14013 11492 16512 22464 15516 33443
17511 44432 25006 55378 21510 66367 23512 77347 20521 88305 23527
99258 21526 11198 25031 22184 25027 33161 20527 44153 21030 55136
22521 66126 28014 77122 32008 88113 26011 99110 28519 11103 34018
22101 01010
31313 09608 81359
61616 NA872 WX14E POTCYCLONE   OB 86
62626 SPL 3016N12023W 1417 MBL WND 34518 AEV 33429 DLM WND 20502
 008624 WL150 32018 083 REL 3014N12023W 135917 =
XXCC  81147 99301 71202 12100 70888 673// 10536 88999 77999
31313 09608 81359
51515 10190 50087
61616 NA872 WX14E POTCYCLONE   OB 86
62626 SPL 3016N12023W 1417 MBL WND 34518 AEV 33429 DLM WND 20502
 008624 WL150 32018 083 REL 3014N12023W 135917 =
XXDD  8114/ 99301 71202 12100 11870 691// 22624 661//
21212 11909 07002 22876 02011 33826 02017 44808 03520 55807 05522
66778 08524 77696 10537 88672 10056 99624 08025
31313 09608 81359
51515 10190 50087
61616 NA872 WX14E POTCYCLONE   OB 86
62626 SPL 3016N12023W 1417 MBL WND 34518 AEV 33429 DLM WND 20502
 008624 WL150 32018 083 REL 3014N12023W 135917 =
NNNN
