UZNT13 KWBC 232321
XXAA  73211 99276 70853 08175 99009 29450 04008 00084 28648 07511
92774 24058 06512 85508 19262 08011 70153 10461 01507 50588 05160
05506 40760 15957 25004 30970 30550 20518 25097 40556 26514 20245
52741 27542 15425 67760 28532 10664 745// 32009 88999 77999
31313 09608 82055
61616 NA872 WX09A HARVEY       OB 10 CCA
62626 SPL 2758N08523W 2111 MBL WND 07010 AEV 33431 CORRECTED RPT
 DLM WND 32003 009799 WL150 07010 081 REL 2759N08526W 205509 =
XXBB  73218 99276 70853 08175 00009 29450 11941 23406 22933 24457
33883 21057 44850 19262 55803 17872 66776 15863 77725 12468 88699
10460 99691 10265 11684 09859 22665 08258 33649 07064 44630 05457
55625 05462 66618 04861 77612 05290 88591 04084 99547 00088 11539
00562 22532 01561 33488 06159 44467 08166 55429 11967 66402 15757
77387 17957 88381 18561 99371 19929 11363 21156 22342 24324 33309
29157 44292 31750 55280 34340 66266 37158 77226 45947 88204 51934
99148 68361 11136 70963 22125 71366 33120 69769 44110 725// 55106
743//
21212 00009 04008 11005 07510 22998 07511 33888 05011 44850 08011
55615 03010 66341 23002 77315 19011 88299 20518 99252 26013 11246
28014 22165 27550 33148 29026 44144 28020 55140 25523 66135 26025
77130 30510 88127 29006 99124 26010 11121 30010 22115 30510 33110
32512
31313 09608 82055
61616 NA872 WX09A HARVEY       OB 10 CCA
62626 SPL 2758N08523W 2111 MBL WND 07010 AEV 33431 CORRECTED RPT
 DLM WND 32003 009799 WL150 07010 081 REL 2759N08526W 205509 =
XXCC  7321/ 99276 70853 08175 88999 77999
31313 09608 82055
51515 10190 70873
61616 NA872 WX09A HARVEY       OB 10 CCA
62626 SPL 2758N08523W 2111 MBL WND 07010 AEV 33431 CORRECTED RPT
 DLM WND 32003 009799 WL150 07010 081 REL 2759N08526W 205509 =
XXDD  7321/ 99276 70853 08175 11965 735// 22907 751// 33868 739//
44856 697// 55799 731//
21212 11978 33011 22947 01511 33877 10011 44855 29017 55799 33006
31313 09608 82055
51515 10190 70873
61616 NA872 WX09A HARVEY       OB 10 CCA
62626 SPL 2758N08523W 2111 MBL WND 07010 AEV 33431 CORRECTED RPT
 DLM WND 32003 009799 WL150 07010 081 REL 2759N08526W 205509 =
NNNN
