UZNT13 KWBC 240113
XXAA  73231 99256 70918 08251 99009 27425 09523 00084 26421 09523
92769 22850 09024 85503 19247 11018 70144 08627 11515 50586 04703
18009 40759 14516 11003 30971 28929 16014 25099 39144 16019 20247
51956 15525 15427 67160 24024 10666 741// 04013 88120 73765 11002
88109 741// 01014 77999
31313 09608 82307
61616 NA872 WX09A HARVEY       OB 18 CCA
62626 SPL 2565N09182W 2324 MBL WND 10027 AEV 33429 DLM WND 13012
 008756 WL150 09523 084 REL 2562N09179W 230715 =
XXBB  73238 99256 70918 08251 00009 27425 11955 23219 22934 23050
33850 19247 44797 16050 55746 11613 66673 07440 77602 01409 88519
03103 99416 12705 11382 16726 22319 25335 33262 36343 44193 53757
55147 68360 66126 72764 77111 73767 88110 739// 99105 753//
21212 00009 09523 11947 10531 22928 09525 33892 10027 44850 11018
55778 10020 66745 12018 77702 11515 88658 14515 99616 14015 11598
16013 22527 18010 33464 16501 44355 13010 55334 17512 66326 15516
77304 16515 88286 15015 99270 17514 11205 16025 22184 17520 33165
22022 44155 22524 55146 25024 66138 30019 77125 34510 88115 00000
99111 36010 11110 00512 22105 01015
31313 09608 82307
61616 NA872 WX09A HARVEY       OB 18 CCA
62626 SPL 2565N09182W 2324 MBL WND 10027 AEV 33429 DLM WND 13012
 008756 WL150 09523 084 REL 2562N09179W 230715 =
XXCC  7323/ 99256 70918 08251 88999 77999
31313 09608 82307
51515 10190 70876
61616 NA872 WX09A HARVEY       OB 18 CCA
62626 SPL 2565N09182W 2324 MBL WND 10027 AEV 33429 DLM WND 13012
 008756 WL150 09523 084 REL 2562N09179W 230715 =
XXDD  7323/ 99256 70918 08251 11965 733// 22877 749// 33858 727//
44830 733// 55808 707// 66806 677// 77756 711//
21212 11993 04513 22952 11510 33874 12506 44822 10026 55809 09008
66804 29034 77756 05014
31313 09608 82307
51515 10190 70876
61616 NA872 WX09A HARVEY       OB 18 CCA
62626 SPL 2565N09182W 2324 MBL WND 10027 AEV 33429 DLM WND 13012
 008756 WL150 09523 084 REL 2562N09179W 230715 =
NNNN
