UZNT13 KWBC 240637
XXAA  74061 99241 70951 08245 99010 27820 07018 00084 26819 07022
92771 22216 07022 85505 19033 05526 70150 09800 04516 50588 05504
04518 40761 13961 01506 30973 28774 11504 25100 39932 14022 20249
51962 17020 15429 66562 19024 10667 739// 09519 88119 76186 10512
77999
31313 09608 80551
61616 NA872 WX09A HARVEY       OB 53
62626 SPL 2413N09512W 0609 MBL WND 07523 AEV 33431 DLM WND 06513
 009665 WL150 07023 081 REL 2415N09506W 055121 =
XXBB  74068 99241 70951 08245 00010 27820 11965 24208 22850 19033
33762 13200 44651 07424 55532 02133 66502 05305 77464 07703 88443
08739 99437 09533 11428 10359 22421 11356 33408 12564 44395 14560
55383 16171 66377 16966 77366 18378 88341 22763 99335 23379 11312
26965 22304 27979 33285 31767 44277 33562 55270 35148 66249 40131
77225 45946 88206 50564 99193 53559 11181 57157 22119 76386 33110
74387 44104 72987
21212 00010 07018 11006 06524 22942 07526 33908 06520 44850 05526
55800 06527 66722 05521 77685 03017 88618 01514 99546 04519 11510
03016 22489 06015 33461 05012 44451 06512 55405 02005 66347 03012
77301 11504 88277 16012 99249 13522 11242 15025 22210 15524 33179
19022 44165 17528 55158 18029 66149 19022 77136 17517 88127 11011
99124 12012 11118 10511 22115 07507 33110 06016
31313 09608 80551
61616 NA872 WX09A HARVEY       OB 53
62626 SPL 2413N09512W 0609 MBL WND 07523 AEV 33431 DLM WND 06513
 009665 WL150 07023 081 REL 2415N09506W 055121 =
XXCC  74067 99241 70951 08245 70878 711// 02532 88947 747// 04512
77999
31313 09608 80551
51515 10190 50075
61616 NA872 WX09A HARVEY       OB 53
62626 SPL 2413N09512W 0609 MBL WND 07523 AEV 33431 DLM WND 06513
 009665 WL150 07023 081 REL 2415N09506W 055121 =
XXDD  7406/ 99241 70951 08245 11923 753// 22665 707//
21212 11995 09518 22930 03012 33888 03023 44836 08525 55808 07029
66744 07028 77713 02039 88665 06517
31313 09608 80551
51515 10190 50075
61616 NA872 WX09A HARVEY       OB 53
62626 SPL 2413N09512W 0609 MBL WND 07523 AEV 33431 DLM WND 06513
 009665 WL150 07023 081 REL 2415N09506W 055121 =
NNNN
