UZNT13 KWBC 232257
XXAA  73211 99274 70875 08177 99011 29250 09007 00095 28449 07508
92784 22220 10008 85518 19250 06006 70161 10044 09002 50588 05362
16010 40760 16114 24007 30971 30368 22515 25098 40340 27020 20246
52950 25540 15425 67159 27043 10665 723// 36015 88130 71964 24022
77999
31313 09608 82129
61616 NA872 WX09A HARVEY       OB 12
62626 SPL 2742N08749W 2145 AEV 33431 DLM WND 23004 010780 WL150 0
8008 080 REL 2740N08752W 212901 =
XXBB  73218 99274 70875 08177 00011 29250 11926 22217 22896 21657
33850 19250 44787 14833 55760 14061 66693 09435 77638 06259 88633
06063 99628 05861 11615 04247 22585 01045 33571 00259 44548 01759
55512 04380 66502 05162 77491 06360 88484 06334 99441 11116 11422
12540 22402 15912 33389 16947 44364 20322 55349 22743 66331 25510
77325 26334 88311 28937 99305 29571 11292 31762 22262 37742 33228
44941 44177 59356 55131 72363 66115 72169 77110 729// 88103 715//
21212 00011 09007 11954 09010 22890 08504 33850 06006 44791 11511
55764 12510 66568 11510 77531 11511 88502 16510 99492 15511 11482
19012 22363 26003 33321 21513 44294 23019 55276 23011 66271 25011
77266 27013 88256 27518 99174 25557 11152 27047 22140 28524 33135
27018 44130 24021 55125 26515 66121 26017 77113 34016 88110 35012
99103 35010
31313 09608 82129
61616 NA872 WX09A HARVEY       OB 12
62626 SPL 2742N08749W 2145 AEV 33431 DLM WND 23004 010780 WL150 0
8008 080 REL 2740N08752W 212901 =
XXCC  7321/ 99274 70875 08177 88999 77999
31313 09608 82129
51515 10190 70876
61616 NA872 WX09A HARVEY       OB 12
62626 SPL 2742N08749W 2145 AEV 33431 DLM WND 23004 010780 WL150 0
8008 080 REL 2740N08752W 212901 =
XXDD  7321/ 99274 70875 08177 11906 743// 22852 731// 33842 715//
44829 637// 55780 699//
21212 11934 03016 22898 01511 33877 04510 44863 07513 55829 10032
66780 07512
31313 09608 82129
51515 10190 70876
61616 NA872 WX09A HARVEY       OB 12
62626 SPL 2742N08749W 2145 AEV 33431 DLM WND 23004 010780 WL150 0
8008 080 REL 2740N08752W 212901 =
NNNN
