UZNT13 KWBC 240705
XXAA  74061 99229 70949 08224 99006 28431 ///// 00054 28031 04511
92742 22203 04514 85475 18411 03515 70122 10201 35512 50586 04509
01014 40758 14369 36007 30971 28577 16002 25099 38770 14018 20248
50958 19516 15428 66963 16523 10666 775// 07526 88105 78186 09021
77999
31313 09608 80605
61616 NA872 WX09A HARVEY       OB 54
62626 LST WND 027 MBL WND 04013 AEV 33431 DLM WND 03508 003679 WL
150 04012 101 REL 2294N09486W 060516 SPG 2291N09489W 062325 =
XXBB  74068 99229 70949 08224 00006 28431 11952 23800 22850 18411
33796 15814 44775 15239 55726 11603 66675 08803 77623 05843 88588
03018 99530 01941 11476 06703 22469 07133 33442 09540 44434 10336
55402 13969 66349 20381 77262 35772 88222 45568 99190 53556 11147
68164 22127 71388 33110 76786 44103 78386
21212 00006 ///// 11003 00505 22000 04511 33997 04513 44850 03515
55724 02017 66704 35014 77696 36011 88659 35512 99622 01015 11593
35017 22562 00520 33505 02015 44483 36011 55478 01010 66467 35010
77456 36011 88440 34515 99426 00510 11413 00510 22305 13501 33275
18010 44265 15515 55249 14018 66229 17510 77221 16014 88211 19515
99196 20016 11188 17518 22172 14521 33156 16024 44144 17521 55141
17015 66139 15013 77135 12017 88129 13018 99124 11022 11110 11025
22101 07525
31313 09608 80605
61616 NA872 WX09A HARVEY       OB 54
62626 LST WND 027 MBL WND 04013 AEV 33431 DLM WND 03508 003679 WL
150 04012 101 REL 2294N09486W 060516 SPG 2291N09489W 062325 =
XXCC  74067 99229 70949 08224 70876 705// 04525 88999 77999
31313 09608 80605
51515 10190 50074
61616 NA872 WX09A HARVEY       OB 54
62626 LST WND 027 MBL WND 04013 AEV 33431 DLM WND 03508 003679 WL
150 04012 101 REL 2294N09486W 060516 SPG 2291N09489W 062325 =
XXDD  7406/ 99229 70949 08224 11915 769// 22842 735// 33679 701//
21212 11976 08021 22904 03516 33869 01524 44833 06026 55801 05525
66754 07028 77740 06027 88721 02035 99679 08523
31313 09608 80605
51515 10190 50074
61616 NA872 WX09A HARVEY       OB 54
62626 LST WND 027 MBL WND 04013 AEV 33431 DLM WND 03508 003679 WL
150 04012 101 REL 2294N09486W 060516 SPG 2291N09489W 062325 =
NNNN
