UZNT13 KWBC 240407
XXAA  74041 99217 70948 08214 99008 27632 ///// 00069 27434 33516
92757 22614 35014 85491 18604 35514 70142 10400 01014 50588 03761
33509 40761 14966 34511 30972 29770 26505 25100 40171 22511 20248
51361 22012 15428 67562 14020 10665 773// 07014 88119 75587 14026
77999
31313 09608 80336
61616 NA872 WX09A HARVEY       OB 41
62626 LST WND 024 MBL WND 35015 AEV 33429 DLM WND 35007 005693 WL
150 34015 099 REL 2173N09481W 033606 SPG 2170N09481W 035450 =
XXBB  74048 99217 70948 08214 00008 27632 11850 18604 22739 13400
33713 10803 44682 10400 55664 09056 66640 07045 77635 06858 88630
06456 99624 06262 11569 01856 22540 00557 33529 01162 44518 02159
55513 02763 66467 06959 77458 07763 88428 10566 99346 21371 11273
34577 22211 48166 33183 56556 44135 72965 55110 75787 66106 75986
21212 00008 ///// 11005 34016 22003 31518 33997 34515 44979 35515
55850 35514 66753 01013 77740 33511 88722 01511 99715 00513 11708
02012 22694 36015 33686 33012 44585 34511 55508 32010 66448 01010
77429 34010 88415 35011 99393 34013 11383 34510 22357 00000 33252
22510 44238 24513 55222 21015 66203 23013 77193 20011 88152 14021
99139 15016 11132 17510 22124 14516 33116 14026 44113 12517 55110
08014 66106 05521
31313 09608 80336
61616 NA872 WX09A HARVEY       OB 41
62626 LST WND 024 MBL WND 35015 AEV 33429 DLM WND 35007 005693 WL
150 34015 099 REL 2173N09481W 033606 SPG 2170N09481W 035450 =
XXCC  74047 99217 70948 08214 70874 697// 08029 88979 779// 07011
77999
31313 09608 80336
51515 10190 50073
61616 NA872 WX09A HARVEY       OB 41
62626 LST WND 024 MBL WND 35015 AEV 33429 DLM WND 35007 005693 WL
150 34015 099 REL 2173N09481W 033606 SPG 2170N09481W 035450 =
XXDD  7404/ 99217 70948 08214 11955 781// 22870 741// 33693 695//
21212 11984 07012 22943 04514 33885 08515 44854 06527 55779 09036
66739 06031 77693 08529
31313 09608 80336
51515 10190 50073
61616 NA872 WX09A HARVEY       OB 41
62626 LST WND 024 MBL WND 35015 AEV 33429 DLM WND 35007 005693 WL
150 34015 099 REL 2173N09481W 033606 SPG 2170N09481W 035450 =
NNNN
