UZNT13 KWBC 240939
XXAA  74091 99230 70947 08234 99005 28638 03017 00042 28239 03021
92730 22417 03018 85463 18420 02518 70108 09800 36022 50584 04302
35515 40757 13919 35008 30969 28734 29504 25097 38774 18509 20246
51350 19514 15427 66562 11029 10662 745// 06519 88116 785// 14518
77999
31313 09608 80838
61616 NA872 WX09A HARVEY       OB 62
62626 SPL 2295N09475W 0857 MBL WND 03020 AEV 33431 DLM WND 02011
 004639 WL150 03020 080 REL 2299N09473W 083858 =
XXBB  74098 99230 70947 08234 00005 28638 11944 23406 22850 18420
33661 07813 44463 07702 55423 10557 66407 12919 77358 19513 88327
23732 99303 28328 11284 31950 22271 33977 33268 34777 44230 43370
55210 48357 66200 51550 77173 58959 88135 72566 99120 779// 11110
783//
21212 00005 03017 11000 03021 22933 02517 33894 02021 44850 02518
55662 35516 66606 00523 77570 00519 88551 03015 99532 02514 11519
36015 22504 36015 33478 33515 44469 34511 55462 32510 66437 36013
77403 35510 88378 00510 99359 33513 11299 29004 22247 18510 33216
22515 44210 20014 55197 19515 66185 17014 77178 18518 88163 13017
99148 10531 11129 11027 22119 14025 33112 14011 44110 12005 55108
06512 66104 08018
31313 09608 80838
61616 NA872 WX09A HARVEY       OB 62
62626 SPL 2295N09475W 0857 MBL WND 03020 AEV 33431 DLM WND 02011
 004639 WL150 03020 080 REL 2299N09473W 083858 =
XXCC  74097 99230 70947 08234 70876 711// 08025 88999 77999
31313 09608 80838
51515 10190 50071
61616 NA872 WX09A HARVEY       OB 62
62626 SPL 2295N09475W 0857 MBL WND 03020 AEV 33431 DLM WND 02011
 004639 WL150 03020 080 REL 2299N09473W 083858 =
XXDD  7409/ 99230 70947 08234 11980 739// 22858 739// 33639 701//
21212 11953 04029 22894 04535 33837 09032 44809 07531 55769 09527
66639 07024
31313 09608 80838
51515 10190 50071
61616 NA872 WX09A HARVEY       OB 62
62626 SPL 2295N09475W 0857 MBL WND 03020 AEV 33431 DLM WND 02011
 004639 WL150 03020 080 REL 2299N09473W 083858 =
NNNN
