UZNT13 KWBC 232314
XXAA  73211 99280 70875 08187 99012 29457 ///// 00107 28457 09009
92794 22658 07509 85527 19467 05507 70171 10457 00000 50589 05567
15014 40761 15531 23510 30972 30550 20018 25099 40356 25018 20247
52756 24545 15426 65960 28523 10667 735// 30012 88999 77999
31313 09608 82033
61616 NA872 WX09A HARVEY       OB 08 CCA
62626 SPL 2805N08747W 2049 LST WND 015 AEV 33431 CORRECTED RPT DL
M WND 23005 010818 WL150 08509 090 REL 2803N08751W 203304 =
XXBB  73218 99280 70875 08187 00012 29457 11940 23444 22925 22658
33915 23468 44884 21871 55855 19263 66850 19467 77834 19073 88822
18061 99782 15657 11755 14064 22733 12659 33719 11862 44678 08450
55653 07467 66630 05866 77625 05675 88618 05075 99603 03876 11570
00460 22557 00567 33535 02365 44506 04980 55498 05765 66492 06171
77486 06959 88475 07369 99447 10336 11400 15531 22352 22148 33330
25725 44293 31556 55287 32760 66283 33759 77277 34772 88248 40756
99225 46148 11138 70163 22131 69166 33120 70969 44110 721// 55104
723//
21212 00012 ///// 11010 08010 22850 05507 33511 16010 44498 15013
55409 25010 66395 22511 77349 26013 88326 21513 99302 20018 11259
23012 22253 25017 33229 26531 44209 25046 55191 24545 66168 26553
77152 28527 88145 27515 99136 23518 11131 25514 22123 23526 33113
32011 44110 31011 55101 29511
31313 09608 82033
61616 NA872 WX09A HARVEY       OB 08 CCA
62626 SPL 2805N08747W 2049 LST WND 015 AEV 33431 CORRECTED RPT DL
M WND 23005 010818 WL150 08509 090 REL 2803N08751W 203304 =
XXCC  7321/ 99280 70875 08187 88999 77999
31313 09608 82033
51515 10190 70875
61616 NA872 WX09A HARVEY       OB 08 CCA
62626 SPL 2805N08747W 2049 LST WND 015 AEV 33431 CORRECTED RPT DL
M WND 23005 010818 WL150 08509 090 REL 2803N08751W 203304 =
XXDD  7321/ 99280 70875 08187 11922 765// 22883 743// 33870 707//
44818 729//
21212 11918 01510 22883 35502 33869 23516 44818 31502
31313 09608 82033
51515 10190 70875
61616 NA872 WX09A HARVEY       OB 08 CCA
62626 SPL 2805N08747W 2049 LST WND 015 AEV 33431 CORRECTED RPT DL
M WND 23005 010818 WL150 08509 090 REL 2803N08751W 203304 =
NNNN
