UZNT13 KWBC 240151
XXAA  74011 99244 70871 08147 99009 29645 08012 00082 28840 06016
92772 23846 10009 85508 19646 09510 70159 11257 12507 50589 05515
19507 40761 14750 20507 30972 29359 22015 25100 39763 17509 20248
51759 31016 15428 66962 27011 10665 755// 04020 88125 74587 27008
88106 757// 31509 77999
31313 09608 80109
61616 NA872 WX09A HARVEY       OB 29
62626 MBL WND 07513 AEV 33429 DLM WND 13503 009717 WL150 06515 08
0 REL 2435N08708W 010900 SPG 2436N08709W 012648 =
XXBB  74018 99244 70871 08147 00009 29645 11954 25012 22917 23450
33850 19646 44713 12458 55612 04256 66603 03634 77562 00050 88524
03713 99468 07730 11401 14550 22367 19732 33337 23356 44327 25135
55312 27357 66287 31767 77267 35767 88248 40363 99239 42356 11229
44943 22200 51759 33130 73565 44110 747//
21212 00009 08012 11003 06012 22995 06518 33988 07512 44939 09510
55899 08508 66850 09510 77829 12512 88815 08510 99566 36000 11364
23010 22316 24018 33283 20012 44270 20510 55264 18010 66253 17510
77222 24505 88207 31014 99174 29523 11154 30017 22150 27511 33139
23510 44110 34507 55104 34510
31313 09608 80109
61616 NA872 WX09A HARVEY       OB 29
62626 MBL WND 07513 AEV 33429 DLM WND 13503 009717 WL150 06515 08
0 REL 2435N08708W 010900 SPG 2436N08709W 012648 =
XXCC  7401/ 99244 70871 08147 88999 77767 09587 472//
31313 09608 80109
51515 10190 70873
61616 NA872 WX09A HARVEY       OB 29
62626 MBL WND 07513 AEV 33429 DLM WND 13503 009717 WL150 06515 08
0 REL 2435N08708W 010900 SPG 2436N08709W 012648 =
XXDD  7401/ 99244 70871 08147 11954 757// 22717 725//
21212 11991 04521 22907 05013 33906 06515 44870 09513 55803 08522
66784 09038 77767 09587 88717 09033
31313 09608 80109
51515 10190 70873
61616 NA872 WX09A HARVEY       OB 29
62626 MBL WND 07513 AEV 33429 DLM WND 13503 009717 WL150 06515 08
0 REL 2435N08708W 010900 SPG 2436N08709W 012648 =
NNNN
