UZNT13 KWBC 241106
XXAA  74091 99231 70926 08232 99997 27613 ///// 00531 ///// /////
92657 22610 21539 85394 20039 21035 70052 13457 24535 50579 04522
26039 40752 12917 23532 30965 26931 26024 25095 36137 32007 20245
49748 10509 15426 67164 07014 10661 719// 08514 88114 817// 00518
77999
31313 09608 80902
61616 NA872 WX09A HARVEY       OB 65
62626 LST WND 060 MBL WND 21036 AEV 33431 DLM WND 23522 990627 WL
150 21035 135 REL 2308N09261W 090221 SPG 2313N09253W 091952 =
XXBB  74098 99231 70926 08232 00997 27613 11935 22803 22850 20039
33777 15624 44751 14831 55730 16058 66618 04618 77535 02300 88525
02725 99484 05525 11376 15720 22284 29333 33251 35737 44197 50550
55139 71366 66110 831// 77108 811// 88106 737// 99103 715//
21212 00997 ///// 11990 19521 22987 21032 33982 21037 44925 21539
55850 21035 66807 20037 77683 24535 88616 22526 99590 24528 11509
26538 22439 26044 33405 23532 44311 25027 55245 28501 66211 11010
77161 07510 88157 06012 99130 08510 11124 05011 22120 01014 33110
36019 44108 01018 55106 06023
31313 09608 80902
61616 NA872 WX09A HARVEY       OB 65
62626 LST WND 060 MBL WND 21036 AEV 33431 DLM WND 23522 990627 WL
150 21035 135 REL 2308N09261W 090221 SPG 2313N09253W 091952 =
XXCC  74097 99231 70926 08232 70875 707// 11013 88893 759// 04521
77999
31313 09608 80902
51515 10190 50070
61616 NA872 WX09A HARVEY       OB 65
62626 LST WND 060 MBL WND 21036 AEV 33431 DLM WND 23522 990627 WL
150 21035 135 REL 2308N09261W 090221 SPG 2313N09253W 091952 =
XXDD  7409/ 99231 70926 08232 11874 763// 22807 715// 33627 703//
21212 11992 09014 22968 09014 33937 05515 44906 04020 55838 08515
66814 07022 77793 08530 88754 11023 99696 11012 11681 17005 22627
07011
31313 09608 80902
51515 10190 50070
61616 NA872 WX09A HARVEY       OB 65
62626 LST WND 060 MBL WND 21036 AEV 33431 DLM WND 23522 990627 WL
150 21035 135 REL 2308N09261W 090221 SPG 2313N09253W 091952 =
NNNN
