UZNT13 KWBC 240420
XXAA  74041 99217 70931 08213 99004 28427 31016 00035 28026 30016
92724 22602 33013 85459 19626 33010 70116 12447 30512 50586 04340
30513 40759 13563 29013 30971 27737 09010 25099 38335 13009 20248
51561 17510 15428 67363 06508 10665 779// 08010 88120 76586 10517
77999
31313 09608 80355
61616 NA872 WX09A HARVEY       OB 43
62626 SPL 2172N09310W 0413 MBL WND 31516 AEV 33429 DLM WND 31506
 003702 WL150 30516 083 REL 2174N09312W 035536 =
XXBB  74048 99217 70931 08213 00004 28427 11953 24200 22862 19202
33850 19626 44675 11250 55562 00821 66525 01550 77491 05330 88487
05550 99478 06527 11467 07356 22456 08336 33445 09157 44438 09950
55425 10963 66415 11956 77404 12970 88394 14362 99365 17183 11341
21778 22320 26157 33300 27737 44250 38335 55233 42939 66206 50361
77179 57963 88121 76186 99110 75187 11109 75187
21212 00004 31016 11999 29518 22944 33014 33886 34511 44850 33010
55707 29510 66696 31012 77634 32010 88596 28512 99552 31014 11506
31016 22486 30014 33467 31517 44420 31014 55413 29014 66398 29012
77375 26010 88301 09010 99279 08010 11270 10510 22216 17510 33210
19511 44203 19010 55190 14011 66184 15511 77166 15003 88142 04510
99136 07011 11132 07013 22129 11514 33118 10016 44115 11514 55113
10010 66112 04511 77110 03517 88100 08010
31313 09608 80355
61616 NA872 WX09A HARVEY       OB 43
62626 SPL 2172N09310W 0413 MBL WND 31516 AEV 33429 DLM WND 31506
 003702 WL150 30516 083 REL 2174N09312W 035536 =
XXCC  7404/ 99217 70931 08213 88999 77999
31313 09608 80355
51515 10190 70872
61616 NA872 WX09A HARVEY       OB 43
62626 SPL 2172N09310W 0413 MBL WND 31516 AEV 33429 DLM WND 31506
 003702 WL150 30516 083 REL 2174N09312W 035536 =
XXDD  7404/ 99217 70931 08213 11980 787// 22926 787// 33702 685//
21212 11966 04509 22937 01012 33897 05517 44857 05526 55797 09032
66774 10018 77770 11511 88768 15507 99759 24539 11754 25058 22702
10523
31313 09608 80355
51515 10190 70872
61616 NA872 WX09A HARVEY       OB 43
62626 SPL 2172N09310W 0413 MBL WND 31516 AEV 33429 DLM WND 31506
 003702 WL150 30516 083 REL 2174N09312W 035536 =
NNNN
