UZNT13 KWBC 240323
XXAA  74021 99249 70942 08244 99009 27627 07023 00080 26832 08026
92767 22017 07023 85499 18222 07521 70143 09826 07020 50587 04330
03017 40760 13165 01510 30972 29359 18008 25100 39350 15022 20249
51943 16525 15428 66162 23016 10667 733// 06514 88113 74787 14509
77999
31313 09608 80219
61616 NA872 WX09A HARVEY       OB 35
62626 SPL 2486N09424W 0237 MBL WND 07525 AEV 33429 DLM WND 08012
 008704 WL150 08024 080 REL 2486N09418W 021955 =
XXBB  74028 99249 70942 08244 00009 27627 11850 18222 22740 12229
33726 11006 44686 09039 55641 06207 66610 04843 77573 01443 88559
00113 99527 02343 11477 06728 22448 08956 33444 09359 44439 09556
55427 10363 66419 11160 77410 11968 88398 13565 99386 15168 11378
16561 22368 17966 33358 19759 44351 20960 55347 21566 66331 24359
77325 25168 88320 26158 99315 26569 11311 27372 22294 30157 33282
32728 44246 40156 55209 49339 66139 69764 77110 74987 88108 75187
21212 00009 07023 11003 08524 22985 07527 33962 06523 44891 09022
55850 07521 66740 08021 77683 05520 88648 07015 99597 02515 11570
02515 22544 05016 33524 02017 44477 03518 55442 06010 66395 01511
77327 10503 88294 18010 99280 14516 11241 14523 22209 17026 33193
16526 44162 20531 55146 23010 66139 17001 77132 05011 88127 09511
99123 10510 11118 13518 22114 14510 33110 08506 44106 04510
31313 09608 80219
61616 NA872 WX09A HARVEY       OB 35
62626 SPL 2486N09424W 0237 MBL WND 07525 AEV 33429 DLM WND 08012
 008704 WL150 08024 080 REL 2486N09418W 021955 =
XXCC  7402/ 99249 70942 08244 88999 77750 13573 474//
31313 09608 80219
51515 10190 70876
61616 NA872 WX09A HARVEY       OB 35
62626 SPL 2486N09424W 0237 MBL WND 07525 AEV 33429 DLM WND 08012
 008704 WL150 08024 080 REL 2486N09418W 021955 =
XXDD  7402/ 99249 70942 08244 11984 733// 22897 751// 33704 703//
21212 11935 10012 22882 35004 33863 05510 44851 07014 55836 07517
66805 03524 77773 07523 88762 11033 99750 13573 11704 09029
31313 09608 80219
51515 10190 70876
61616 NA872 WX09A HARVEY       OB 35
62626 SPL 2486N09424W 0237 MBL WND 07525 AEV 33429 DLM WND 08012
 008704 WL150 08024 080 REL 2486N09418W 021955 =
NNNN
