UZNT13 KWBC 232028
XXAA  73191 99270 70963 08276 99012 29446 ///// 00111 28441 03012
92800 22630 03510 85533 18858 04510 70172 09462 11504 50590 04557
03014 40762 15171 02519 30973 30962 06011 25100 40766 08008 20247
52962 13507 15428 64165 00513 10671 739// 13007 88999 77999
31313 09608 81903
61616 NA872 WX09A HARVEY       OB 01
62626 LST WND 072 MBL WND 03512 AEV 33304 DLM WND 04508 004842 WL
150 03011 146 REL 2701N09627W 190343 SPG 2699N09629W 192106 =
XXBB  73198 99270 70963 08276 00012 29446 11935 23011 22871 19857
33864 19440 44850 18858 55795 15050 66781 13823 77723 10436 88704
09863 99697 09261 11685 08665 22679 08261 33671 07666 44664 07259
55658 07065 66645 05850 77634 05050 88621 04464 99609 03658 11569
01663 22520 02956 33486 05159 44454 08761 55428 11956 66419 12958
77408 14170 88397 15566 99382 17560 11347 22364 22328 25569 33291
32961 44269 36968 55212 49961 66127 70188 77110 743//
21212 00012 ///// 11004 03011 22955 04512 33907 02510 44850 04510
55575 34504 66535 02010 77505 02515 88477 06013 99464 03515 11424
02021 22366 05513 33325 06510 44314 05512 55302 06012 66294 08011
77276 06510 88178 05501 99157 02015 11146 36010 22133 02010 33128
05003 44110 06520 55106 07521 66103 10010
31313 09608 81903
61616 NA872 WX09A HARVEY       OB 01
62626 LST WND 072 MBL WND 03512 AEV 33304 DLM WND 04508 004842 WL
150 03011 146 REL 2701N09627W 190343 SPG 2699N09629W 192106 =
XXCC  7319/ 99270 70963 08276 88999 77999
31313 09608 81903
51515 10190 70876
61616 NA872 WX09A HARVEY       OB 01
62626 LST WND 072 MBL WND 03512 AEV 33304 DLM WND 04508 004842 WL
150 03011 146 REL 2701N09627W 190343 SPG 2699N09629W 192106 =
XXDD  7319/ 99270 70963 08276 11842 743//
21212 11949 30001 22923 27010 33901 25056 44842 03013
31313 09608 81903
51515 10190 70876
61616 NA872 WX09A HARVEY       OB 01
62626 LST WND 072 MBL WND 03512 AEV 33304 DLM WND 04508 004842 WL
150 03011 146 REL 2701N09627W 190343 SPG 2699N09629W 192106 =
NNNN
