UZNT13 KWBC 240133
XXAA  74001 99258 70851 08155 99010 29449 05006 00085 28643 05006
92775 22206 08007 85508 19866 05514 70151 09457 03010 50587 04564
04011 40760 15357 04003 30971 30137 23007 25098 40756 24005 20246
52947 32024 15425 67160 32025 10664 739// 01515 88132 72362 29021
88105 741// 35517 77999
31313 09608 80015
61616 NA872 WX09A HARVEY       OB 24
62626 MBL WND 05507 AEV 33429 DLM WND 01506 008729 WL150 05006 08
6 REL 2578N08510W 001515 SPG 2575N08510W 003152 =
XXBB  74008 99258 70851 08155 00010 29449 11924 22204 22897 22058
33882 19850 44865 21073 55850 19866 66817 18270 77809 17664 88783
16270 99765 14462 11739 12867 22714 10863 33699 09457 44681 07857
55672 07259 66663 07274 77631 05667 88622 04859 99618 05068 11608
04263 22600 03672 33591 02872 44581 01864 55568 01475 66556 00260
77541 01165 88536 01760 99486 05966 11477 07161 22417 12563 33382
17525 44373 18749 55362 20126 66354 21348 77333 24130 88330 24550
99301 30136 11280 33950 22259 38758 33236 44136 44225 46556 55216
48550 66180 59157 77168 61359 88137 71362 99110 72968 11109 73168
21212 00010 05006 11933 07009 22916 06506 33850 05514 44785 06514
55670 03514 66612 34011 77555 04512 88536 05513 99481 03011 11449
07011 22281 21512 33246 27005 44229 34011 55217 34516 66207 32519
77170 30042 88150 32025 99134 29523 11131 29018 22124 34001 33119
31010 44115 35014 55110 32516 66106 35019
31313 09608 80015
61616 NA872 WX09A HARVEY       OB 24
62626 MBL WND 05507 AEV 33429 DLM WND 01506 008729 WL150 05006 08
6 REL 2578N08510W 001515 SPG 2575N08510W 003152 =
XXCC  7400/ 99258 70851 08155 88999 77999
31313 09608 80015
51515 10190 70874
61616 NA872 WX09A HARVEY       OB 24
62626 MBL WND 05507 AEV 33429 DLM WND 01506 008729 WL150 05006 08
6 REL 2578N08510W 001515 SPG 2575N08510W 003152 =
XXDD  7400/ 99258 70851 08155 11915 741// 22774 699// 33729 707//
21212 11956 03007 22884 08016 33842 08524 44818 08517 55787 04020
66777 03511 77773 19504 88729 12517
31313 09608 80015
51515 10190 70874
61616 NA872 WX09A HARVEY       OB 24
62626 MBL WND 05507 AEV 33429 DLM WND 01506 008729 WL150 05006 08
6 REL 2578N08510W 001515 SPG 2575N08510W 003152 =
NNNN
