UZNT13 KWBC 240532
XXAA  74051 99241 70916 08241 99000 ///// ///// 92/// ///// /////
00/// ///// ///// 85405 17210 10049 70047 09605 11036 50577 03307
15512 40751 12118 20019 30966 26331 17514 25095 37140 20518 20244
50550 21525 15425 66962 20037 10661 761// 07006 88116 77986 24518
77999
31313 09608 80457
51515 10191
61616 NA872 WX09A HARVEY       OB 48
62626 LST WND 944 AEV 33429 WL150 10047 1019 REL 2414N09156W 0457
50 SPG 2422N09160W 051412 =
XXBB  74058 99241 70916 08241 00000 ///// 11897 20406 22850 17210
33749 12813 44652 06602 55584 00401 66510 02506 77452 06912 88372
15521 99312 24330 11257 35539 22193 52150 33131 74365 44115 78386
55110 76586 66108 76386
21212 00000 ///// 11897 10045 22874 10050 33850 10049 44677 11530
55633 15528 66593 17025 77556 14520 88508 15010 99480 17014 11470
20015 22442 19015 33396 20021 44365 20516 55350 17515 66323 15010
77261 21015 88201 21526 99186 20033 11149 20037 22134 20059 33126
21525 44118 24519 55113 24012 66110 33007 77108 02510 88105 06510
31313 09608 80457
51515 10191
61616 NA872 WX09A HARVEY       OB 48
62626 LST WND 944 AEV 33429 WL150 10047 1019 REL 2414N09156W 0457
50 SPG 2422N09160W 051412 =
XXCC  74057 99241 70916 08241 70870 713// 12536 88999 77738 13567
470//
31313 09608 80457
51515 10190 50068
61616 NA872 WX09A HARVEY       OB 48
62626 LST WND 944 AEV 33429 WL150 10047 1019 REL 2414N09156W 0457
50 SPG 2422N09160W 051412 =
XXDD  7405/ 99241 70916 08241 11881 761// 22687 709//
21212 11881 02016 22844 05013 33807 04519 44773 08521 55755 11532
66738 13567 77687 11527
31313 09608 80457
51515 10190 50068
61616 NA872 WX09A HARVEY       OB 48
62626 LST WND 944 AEV 33429 WL150 10047 1019 REL 2414N09156W 0457
50 SPG 2422N09160W 051412 =
NNNN
