UZNT13 KWBC 232050
XXAA  73191 99276 70941 08274 99012 29250 ///// 00105 28442 06012
92793 22419 06511 85526 18450 08010 70165 10062 05010 50588 06556
32505 40759 16163 35011 30970 29968 34516 25097 40564 34008 20245
52762 22014 15426 65163 32015 10668 737// 36008 88999 77999
31313 09608 81926
61616 NA872 WX09A HARVEY       OB 03
62626 LST WND 086 MBL WND 06512 AEV 33431 DLM WND 03007 002831 WL
150 06012 160 REL 2757N09407W 192653 SPG 2755N09408W 194400 =
XXBB  73198 99276 70941 08274 00012 29250 11931 22613 22850 18450
33733 11256 44685 09065 55678 08465 66672 07859 77649 06661 88611
02650 99585 01064 11574 00046 22567 00158 33530 03345 44466 08559
55385 17767 66324 25772 77284 33167 88166 59762 99150 65163 11124
70788 22110 745//
21212 00012 ///// 11002 05512 22912 07510 33882 08013 44850 08010
55843 09010 66718 04010 77674 08014 88649 06515 99626 08017 11600
07014 22576 03512 33562 04511 44440 34504 55390 36013 66373 35010
77361 31011 88344 34018 99328 33519 11291 35517 22267 31511 33255
34010 44231 30504 55214 23010 66194 22014 77188 24510 88164 33013
99146 33016 11139 35510 22133 00000 33126 00510 44110 05016 55106
05515 66103 04002
31313 09608 81926
61616 NA872 WX09A HARVEY       OB 03
62626 LST WND 086 MBL WND 06512 AEV 33431 DLM WND 03007 002831 WL
150 06012 160 REL 2757N09407W 192653 SPG 2755N09408W 194400 =
XXCC  7319/ 99276 70941 08274 88999 77999
31313 09608 81926
51515 10190 70874
61616 NA872 WX09A HARVEY       OB 03
62626 LST WND 086 MBL WND 06512 AEV 33431 DLM WND 03007 002831 WL
150 06012 160 REL 2757N09407W 192653 SPG 2755N09408W 194400 =
XXDD  7319/ 99276 70941 08274 11831 745//
21212 11888 25510 22831 09513
31313 09608 81926
51515 10190 70874
61616 NA872 WX09A HARVEY       OB 03
62626 LST WND 086 MBL WND 06512 AEV 33431 DLM WND 03007 002831 WL
150 06012 160 REL 2757N09407W 192653 SPG 2755N09408W 194400 =
NNNN
