UZNT13 KWBC 241318
XXAA  74101 99268 70966 08266 99008 29249 05006 00071 28456 06007
92760 23858 07010 85494 18635 03511 70135 09659 05011 50585 04956
04520 40758 15361 04520 30969 29971 09512 25097 40166 10511 20245
52364 14511 15425 64563 15518 10664 767// 04010 88106 771// 05505
77999
31313 09608 81023
61616 NA872 WX09A HARVEY       OB 76
62626 SPL 2683N09663W 1041 MBL WND 06006 AEV 33431 LAST REPORT DL
M WND 06511 007640 WL150 06007 080 REL 2684N09657W 102331 =
XXBB  74108 99268 70966 08266 00008 29249 11958 25029 22902 22661
33886 21250 44850 18635 55718 10856 66705 10061 77691 08856 88678
08259 99637 05257 11616 03861 22581 00637 33562 00262 44556 00158
55536 01561 66528 02357 77495 05550 88480 06559 99432 10963 11392
16159 22360 19565 33330 23967 44236 42968 55149 64763 66122 73565
77110 759// 88103 777//
21212 00008 05006 11899 07010 22850 03511 33729 04510 44658 06512
55609 04512 66557 06008 77448 03018 88424 04022 99310 08014 11291
11010 22253 09512 33235 12511 44228 12011 55193 14511 66168 20012
77149 15519 88139 15510 99119 07511 11114 10511 22110 06009 33102
04001
31313 09608 81023
61616 NA872 WX09A HARVEY       OB 76
62626 SPL 2683N09663W 1041 MBL WND 06006 AEV 33431 LAST REPORT DL
M WND 06511 007640 WL150 06007 080 REL 2684N09657W 102331 =
XXCC  74107 99268 70966 08266 70877 681// 07518 88999 77999
31313 09608 81023
51515 10190 50076
61616 NA872 WX09A HARVEY       OB 76
62626 SPL 2683N09663W 1041 MBL WND 06006 AEV 33431 LAST REPORT DL
M WND 06511 007640 WL150 06007 080 REL 2684N09657W 102331 =
XXDD  7410/ 99268 70966 08266 11953 749// 22853 743// 33808 713//
44640 665//
21212 11995 04511 22961 08520 33881 09528 44849 10520 55825 09513
66808 08019 77801 09023 88777 10523 99710 08514 11700 07518 22683
08536 33640 07024
31313 09608 81023
51515 10190 50076
61616 NA872 WX09A HARVEY       OB 76
62626 SPL 2683N09663W 1041 MBL WND 06006 AEV 33431 LAST REPORT DL
M WND 06511 007640 WL150 06007 080 REL 2684N09657W 102331 =
NNNN
