UZNT13 KWBC 240551
XXAA  74051 99243 70934 08243 99007 27847 ///// 00065 27244 08030
92751 21833 08034 85483 18219 08528 70129 10627 08519 50586 03939
03019 40759 13361 01010 30972 28556 17008 25100 37561 13538 20249
50963 17023 15430 66962 17025 10666 753// 08518 88115 78386 11511
77999
31313 09608 80515
61616 NA872 WX09A HARVEY       OB 50
62626 LST WND 012 MBL WND 08030 AEV 33429 DLM WND 08515 006674 WL
150 08030 087 REL 2432N09341W 051537 SPG 2432N09349W 053331 =
XXBB  74058 99243 70934 08243 00007 27847 11910 20617 22850 18219
33736 12203 44727 12419 55567 00202 66527 01135 77490 04933 88475
05542 99463 06360 11452 07557 22444 07959 33421 11157 44401 13162
55389 14558 66383 14762 77358 19356 88348 20363 99337 22166 11326
24356 22309 27141 33259 36150 44247 38162 55182 56361 66117 77986
77113 78785 88110 77186 99105 75387
21212 00007 ///// 11006 07528 22925 08034 33850 08528 44810 09030
55763 07024 66654 09517 77572 03016 88564 01013 99541 01013 11529
03520 22507 02518 33485 04020 44399 01010 55316 08002 66292 17012
77261 14032 88242 14039 99191 17524 11142 17520 22129 15510 33124
12513 44114 11510 55110 07508 66108 05514 77103 08019
31313 09608 80515
61616 NA872 WX09A HARVEY       OB 50
62626 LST WND 012 MBL WND 08030 AEV 33429 DLM WND 08515 006674 WL
150 08030 087 REL 2432N09341W 051537 SPG 2432N09349W 053331 =
XXCC  74057 99243 70934 08243 70877 711// 08546 88999 77723 08565
445//
31313 09608 80515
51515 10190 50074
61616 NA872 WX09A HARVEY       OB 50
62626 LST WND 012 MBL WND 08030 AEV 33429 DLM WND 08515 006674 WL
150 08030 087 REL 2432N09341W 051537 SPG 2432N09349W 053331 =
XXDD  7405/ 99243 70934 08243 11674 705//
21212 11981 08518 22939 02515 33889 01525 44865 04020 55863 04520
66862 06519 77844 08520 88801 05528 99763 07029 11723 08565 22674
08526
31313 09608 80515
51515 10190 50074
61616 NA872 WX09A HARVEY       OB 50
62626 LST WND 012 MBL WND 08030 AEV 33429 DLM WND 08515 006674 WL
150 08030 087 REL 2432N09341W 051537 SPG 2432N09349W 053331 =
NNNN
