UZNT13 KWBC 241137
XXAA  74091 99233 70912 08231 99005 26206 ///// 00045 25806 13036
92731 22201 16543 85465 18609 17044 70111 09602 17545 50584 03506
17028 40757 12917 18020 30971 27131 17521 25099 37939 19520 20249
50750 18514 15429 67763 15505 10663 767// 04525 88118 795// 03504
77999
31313 09608 80917
61616 NA872 WX09A HARVEY       OB 68
62626 LST WND 022 MBL WND 15040 AEV 33431 DLM WND 17028 003600 WL
150 14037 096 REL 2325N09118W 091736 SPG 2337N09120W 093506 =
XXBB  74098 99233 70912 08231 00005 26206 11850 18609 22762 14213
33581 00200 44512 02504 55433 09312 66346 19323 77287 29533 88230
42942 99185 55557 11137 72765 22120 793// 33110 779// 44103 777//
21212 00005 ///// 11003 10536 22000 13036 33995 14537 44974 14540
55963 15547 66953 15544 77945 16047 88930 16543 99850 17044 11592
19034 22565 17036 33491 17026 44436 19522 55409 17520 66365 19018
77344 15517 88318 18021 99280 16014 11242 20521 22209 20016 33185
17512 44181 15012 55173 14013 66164 14011 77156 17013 88138 12010
99129 12011 11110 05011 22105 06026 33101 04524
31313 09608 80917
61616 NA872 WX09A HARVEY       OB 68
62626 LST WND 022 MBL WND 15040 AEV 33431 DLM WND 17028 003600 WL
150 14037 096 REL 2325N09118W 091736 SPG 2337N09120W 093506 =
XXCC  74097 99233 70912 08231 70880 687// 10517 88999 77999
31313 09608 80917
51515 10190 50074
61616 NA872 WX09A HARVEY       OB 68
62626 LST WND 022 MBL WND 15040 AEV 33431 DLM WND 17028 003600 WL
150 14037 096 REL 2325N09118W 091736 SPG 2337N09120W 093506 =
XXDD  7409/ 99233 70912 08231 11951 745// 22887 751// 33796 667//
44600 711//
21212 11976 05525 22910 04022 33824 05527 44787 09020 55761 08020
66711 09516 77670 12512 88666 13510 99659 18007 11654 23011 22646
25023 33600 11532
31313 09608 80917
51515 10190 50074
61616 NA872 WX09A HARVEY       OB 68
62626 LST WND 022 MBL WND 15040 AEV 33431 DLM WND 17028 003600 WL
150 14037 096 REL 2325N09118W 091736 SPG 2337N09120W 093506 =
NNNN
