UZNT13 KWBC 240129
XXAA  74001 99258 70862 08156 99011 29850 08511 00095 29050 07511
92785 24461 08014 85520 19050 07509 70164 10056 08507 50588 05161
09008 40760 15163 18006 30972 29760 21511 25099 40341 22004 20247
53148 30517 15426 66562 30526 10665 759// 04015 88999 77999
31313 09608 80004
61616 NA872 WX09A HARVEY       OB 23
62626 MBL WND 07511 AEV 33429 DLM WND 06503 010730 WL150 08011 08
0 REL 2578N08621W 000405 SPG 2577N08621W 002129 =
XXBB  74008 99258 70862 08156 00011 29850 11947 24416 22934 23829
33924 24462 44912 24064 55906 23466 66898 22660 77877 21062 88867
19638 99850 19050 11824 17257 22792 15017 33728 12859 44677 08238
55665 07658 66649 06243 77615 03844 88604 03256 99596 02863 11586
02059 22569 00266 33553 01364 44532 01786 55509 04160 66488 06360
77482 06765 88475 07544 99467 08160 11453 09364 22416 13557 33409
14162 44398 15363 55393 16159 66387 16567 77379 17759 88373 18561
99367 19556 11355 21146 22324 25559 33296 30559 44277 34746 55235
44125 66221 47750 77211 49948 88157 64161 99135 71965 11112 73187
22110 741// 33100 759//
21212 00011 08511 11980 07011 22927 08014 33868 06010 44850 07509
55374 17510 66347 18510 77329 22511 88309 20511 99303 21510 11281
20510 22247 26003 33216 31006 44193 30021 55181 27523 66162 29541
77146 31522 88134 28018 99127 30010 11124 26003 22117 32510 33114
36019 44110 00512 55107 35010
31313 09608 80004
61616 NA872 WX09A HARVEY       OB 23
62626 MBL WND 07511 AEV 33429 DLM WND 06503 010730 WL150 08011 08
0 REL 2578N08621W 000405 SPG 2577N08621W 002129 =
XXCC  7400/ 99258 70862 08156 88999 77999
31313 09608 80004
51515 10190 70874
61616 NA872 WX09A HARVEY       OB 23
62626 MBL WND 07511 AEV 33429 DLM WND 06503 010730 WL150 08011 08
0 REL 2578N08621W 000405 SPG 2577N08621W 002129 =
XXDD  7400/ 99258 70862 08156 11730 703//
21212 11979 05013 22960 07510 33914 07020 44849 09021 55820 08510
66803 30501 77797 25010 88784 24550 99730 12512
31313 09608 80004
51515 10190 70874
61616 NA872 WX09A HARVEY       OB 23
62626 MBL WND 07511 AEV 33429 DLM WND 06503 010730 WL150 08011 08
0 REL 2578N08621W 000405 SPG 2577N08621W 002129 =
NNNN
