UZNT13 KWBC 240136
XXAA  74011 99256 70839 08153 99010 29657 11510 00092 28856 08505
92781 23238 10509 85515 18642 07004 70158 09857 01513 50588 04158
01514 40761 14567 01005 30972 30556 22507 25099 40357 32010 20247
52957 34033 15426 67762 33520 10664 749// 02009 88125 73387 32005
88104 751// 01008 77999
31313 09608 80030
61616 NA872 WX09A HARVEY       OB 25
62626 SPL 2554N08388W 0047 MBL WND 09507 AEV 33429 DLM WND 00508
 009734 WL150 10006 083 REL 2559N08388W 002959 =
XXBB  74018 99256 70839 08153 00010 29657 11850 18642 22793 15456
33787 15037 44773 14850 55763 14463 66727 11442 77705 10459 88686
08436 99669 08057 11662 07646 22653 07666 33646 07465 44601 03061
55590 02043 66562 00056 77554 00929 88546 01157 99533 02348 11515
03958 22494 04556 33464 07767 44427 10568 55366 19361 66361 20156
77350 21750 88338 23560 99326 25756 11320 26561 22305 29556 33264
37350 44202 52357 55141 70164 66124 73387 77113 73387 88110 737//
99102 751//
21212 00010 11510 11006 11505 22904 10510 33850 07004 44715 01010
55664 01012 66617 33514 77529 05013 88507 01515 99471 02520 11428
02010 22351 30011 33321 30503 44271 27510 55259 28013 66240 35510
77235 36013 88217 34018 99178 32544 11151 33520 22141 30017 33133
30522 44127 33010 55124 30504 66119 30010 77115 35010 88110 34017
99105 01011
31313 09608 80030
61616 NA872 WX09A HARVEY       OB 25
62626 SPL 2554N08388W 0047 MBL WND 09507 AEV 33429 DLM WND 00508
 009734 WL150 10006 083 REL 2559N08388W 002959 =
XXCC  7401/ 99256 70839 08153 88999 77785 04061 447//
31313 09608 80030
51515 10190 70873
61616 NA872 WX09A HARVEY       OB 25
62626 SPL 2554N08388W 0047 MBL WND 09507 AEV 33429 DLM WND 00508
 009734 WL150 10006 083 REL 2559N08388W 002959 =
XXDD  7401/ 99256 70839 08153 11734 723//
21212 11962 01502 22925 06015 33879 08512 44817 04516 55801 03526
66785 04061 77734 09026
31313 09608 80030
51515 10190 70873
61616 NA872 WX09A HARVEY       OB 25
62626 SPL 2554N08388W 0047 MBL WND 09507 AEV 33429 DLM WND 00508
 009734 WL150 10006 083 REL 2559N08388W 002959 =
NNNN
