UZNT13 KWBC 240438
XXAA  74041 99220 70915 08221 99005 28017 06519 00043 27615 10518
92732 23017 16035 85467 18813 15533 70121 12450 18028 50586 03357
24519 40760 12956 28020 30973 27756 21007 25101 38356 25014 20250
51343 01515 15430 67362 35531 10667 747// 02020 88121 76786 07503
77999
31313 09608 80413
61616 NA872 WX09A HARVEY       OB 45
62626 SPL 2200N09149W 0431 MBL WND 15030 AEV 33429 DLM WND 19013
 004699 WL150 13522 083 REL 2195N09151W 041308 =
XXBB  74048 99220 70915 08221 00005 28017 11850 18813 22794 17231
33659 09649 44560 01028 55522 01156 66489 04550 77481 05160 88474
05757 99465 06559 11462 06757 22427 10558 33417 11742 44403 12556
55381 16124 66375 16945 77363 18923 88353 19543 99341 21529 11332
22350 22280 31756 33256 37157 44234 42133 55208 49139 66123 76386
77110 74787 88108 74987 99101 745//
21212 00005 06519 11003 06520 22999 12017 33995 14524 44992 15031
55988 15033 66857 16536 77850 15533 88743 18532 99719 17023 11712
18529 22676 18027 33602 21518 44592 20515 55565 20516 66547 23015
77465 24520 88437 27520 99417 26520 11390 28022 22350 25011 33325
19011 44277 23006 55242 26015 66224 29514 77198 02518 88182 01512
99141 35532 11130 02013 22121 07003 33114 36010 44110 36014 55105
34014
31313 09608 80413
61616 NA872 WX09A HARVEY       OB 45
62626 SPL 2200N09149W 0431 MBL WND 15030 AEV 33429 DLM WND 19013
 004699 WL150 13522 083 REL 2195N09151W 041308 =
XXCC  74047 99220 70915 08221 70874 715// 08522 88999 77999
31313 09608 80413
51515 10190 50072
61616 NA872 WX09A HARVEY       OB 45
62626 SPL 2200N09149W 0431 MBL WND 15030 AEV 33429 DLM WND 19013
 004699 WL150 13522 083 REL 2195N09151W 041308 =
XXDD  7404/ 99220 70915 08221 11884 775// 22699 715//
21212 11978 03023 22905 06519 33884 07020 44854 04511 55779 08026
66747 12009 77699 08522
31313 09608 80413
51515 10190 50072
61616 NA872 WX09A HARVEY       OB 45
62626 SPL 2200N09149W 0431 MBL WND 15030 AEV 33429 DLM WND 19013
 004699 WL150 13522 083 REL 2195N09151W 041308 =
NNNN
