UZNT13 KWBC 241247
XXAA  74101 99260 70947 08264 99007 29449 06005 00066 28843 06516
92755 22819 08018 85489 18638 07519 70131 08621 05012 50585 05157
05515 40758 13571 06017 30970 28759 28001 25098 38916 16030 20247
51160 17026 15428 66762 18529 10664 745// 01027 88120 769// 18520
88110 775// 32015 77999
31313 09608 81003
61616 NA872 WX09A HARVEY       OB 74
62626 SPL 2600N09471W 1021 MBL WND 06516 AEV 33431 DLM WND 08511
 006631 WL150 06516 083 REL 2599N09465W 100333 =
XXBB  74108 99260 70947 08264 00007 29449 11884 19815 22850 18638
33792 15847 44673 06414 55619 04023 66612 03856 77582 01649 88575
01660 99566 01056 11526 02550 22518 03158 33509 04356 44505 04758
55494 06129 66482 07356 77473 07748 88463 07763 99442 09567 11428
11363 22407 12769 33356 18979 44325 23567 55297 29158 66271 34558
77251 38516 88238 40959 99192 53160 11129 74165 22121 769// 33110
777// 44106 783//
21212 00007 06005 11004 07015 22995 06017 33946 06515 44885 09519
55850 07519 66813 08019 77788 06517 88736 07517 99708 05013 11682
06014 22652 03019 33611 05017 44546 05518 55532 07015 66486 04013
77461 06011 88430 03512 99399 06017 11372 05519 22347 03513 33332
06011 44301 31501 55272 18510 66253 16029 77243 16533 88172 17036
99142 19028 11120 18519 22118 20510 33113 29510 44110 32516 55105
33517 66100 01027
31313 09608 81003
61616 NA872 WX09A HARVEY       OB 74
62626 SPL 2600N09471W 1021 MBL WND 06516 AEV 33431 DLM WND 08511
 006631 WL150 06516 083 REL 2599N09465W 100333 =
XXCC  74107 99260 70947 08264 70879 697// 11534 88999 77999
31313 09608 81003
51515 10190 50075
61616 NA872 WX09A HARVEY       OB 74
62626 SPL 2600N09471W 1021 MBL WND 06516 AEV 33431 DLM WND 08511
 006631 WL150 06516 083 REL 2599N09465W 100333 =
XXDD  7410/ 99260 70947 08264 11999 743// 22931 739// 33840 707//
44631 691//
21212 11956 04513 22937 04009 33909 04018 44872 07021 55833 04521
66782 10025 77728 09525 88678 12554 99631 10527
31313 09608 81003
51515 10190 50075
61616 NA872 WX09A HARVEY       OB 74
62626 SPL 2600N09471W 1021 MBL WND 06516 AEV 33431 DLM WND 08511
 006631 WL150 06516 083 REL 2599N09465W 100333 =
NNNN
