UZNT13 KWBC 240149
XXAA  74011 99242 70859 08145 99010 28842 ///// 00088 28234 07506
92778 23642 07506 85513 18833 09009 70160 09842 03506 50589 04362
35003 40761 14958 18506 30972 29959 22008 25099 40760 18507 20247
52556 35514 15427 67162 30014 10664 751// 04018 88116 76386 20508
77999
31313 09608 80058
61616 NA872 WX09A HARVEY       OB 28
62626 LST WND 013 MBL WND 07008 AEV 33429 DLM WND 04503 008728 WL
150 06507 088 REL 2423N08588W 005804 SPG 2422N08589W 011606 =
XXBB  74018 99242 70859 08145 00010 28842 11958 25013 22915 23256
33850 18833 44831 18040 55826 18059 66808 17056 77801 16860 88786
15850 99675 07827 11614 05259 22563 00461 33554 00757 44551 01132
55544 01715 66526 02756 77513 03750 88508 03761 99487 05363 11471
07164 22464 08133 33457 08763 44452 09150 55446 09757 66440 10341
77435 10957 88424 12523 99404 14563 11397 15356 22388 16362 33378
17758 44367 18963 55355 21150 66322 26742 77313 27760 88304 29558
99295 30762 11246 41560 22240 42757 33212 49546 44160 63761 55134
72764 66113 76386 77110 759//
21212 00010 ///// 11008 07009 22007 04005 33976 07009 44918 08005
55850 09009 66317 24511 77236 05002 88209 34510 99196 35513 11178
31015 22165 30020 33152 29516 44141 32013 55129 30517 66125 28511
77110 01007 88103 02010
31313 09608 80058
61616 NA872 WX09A HARVEY       OB 28
62626 LST WND 013 MBL WND 07008 AEV 33429 DLM WND 04503 008728 WL
150 06507 088 REL 2423N08588W 005804 SPG 2422N08589W 011606 =
XXCC  7401/ 99242 70859 08145 88999 77783 09067 451//
31313 09608 80058
51515 10190 70872
61616 NA872 WX09A HARVEY       OB 28
62626 LST WND 013 MBL WND 07008 AEV 33429 DLM WND 04503 008728 WL
150 06507 088 REL 2423N08588W 005804 SPG 2422N08589W 011606 =
XXDD  7401/ 99242 70859 08145 11728 731//
21212 11954 06010 22916 05519 33868 09012 44854 08512 55835 07020
66806 07529 77783 09067 88728 09038
31313 09608 80058
51515 10190 70872
61616 NA872 WX09A HARVEY       OB 28
62626 LST WND 013 MBL WND 07008 AEV 33429 DLM WND 04503 008728 WL
150 06507 088 REL 2423N08588W 005804 SPG 2422N08589W 011606 =
NNNN
