UZNT13 KWBC 240910
XXAA  74081 99255 70951 08255 99008 29037 ///// 00067 28439 06015
92756 22212 07517 85488 18036 08524 70129 09450 03525 50585 05929
05013 40757 13967 02010 30969 28561 16511 25097 38961 16526 20246
51366 18520 15427 65763 18512 10664 755// 01523 88114 769// 16014
77999
31313 09608 80811
61616 NA872 WX09A HARVEY       OB 60
62626 LST WND 038 MBL WND 06517 AEV 33431 DLM WND 07511 003662 WL
150 06015 112 REL 2553N09508W 081135 SPG 2552N09513W 082901 =
XXBB  74088 99255 70951 08255 00008 29037 11894 20003 22861 17808
33850 18036 44788 15450 55724 10426 66693 09057 77671 07844 88639
05463 99634 05259 11618 04061 22604 02850 33580 01858 44548 01356
55527 02959 66513 04337 77500 05929 88485 06360 99471 07759 11462
08564 22413 12573 33407 12966 44382 16563 55373 17572 66359 19564
77349 20772 88319 25576 99306 27559 11302 28161 22277 33357 33255
37761 44217 47358 55206 49965 66194 52964 77129 72766 88113 771//
99110 761// 11107 747//
21212 00008 ///// 11003 05513 22983 06517 33894 08518 44850 08524
55800 08019 66693 03527 77599 06022 88524 04514 99514 06014 11498
04513 22464 05513 33449 03011 44415 03512 55407 02012 66330 07010
77310 11005 88301 16010 99289 18513 11246 16528 22169 20528 33155
20516 44149 18011 55130 13524 66119 15022 77113 16510 88110 05501
99103 01519
31313 09608 80811
61616 NA872 WX09A HARVEY       OB 60
62626 LST WND 038 MBL WND 06517 AEV 33431 DLM WND 07511 003662 WL
150 06015 112 REL 2553N09508W 081135 SPG 2552N09513W 082901 =
XXCC  74087 99255 70951 08255 70875 703// 02524 88999 77999
31313 09608 80811
51515 10190 50073
61616 NA872 WX09A HARVEY       OB 60
62626 LST WND 038 MBL WND 06517 AEV 33431 DLM WND 07511 003662 WL
150 06015 112 REL 2553N09508W 081135 SPG 2552N09513W 082901 =
XXDD  7408/ 99255 70951 08255 11974 753// 22895 777// 33837 733//
44662 693//
21212 11995 01523 22891 09014 33876 08011 44862 06512 55837 07511
66817 06520 77769 09522 88707 02025 99662 04516
31313 09608 80811
51515 10190 50073
61616 NA872 WX09A HARVEY       OB 60
62626 LST WND 038 MBL WND 06517 AEV 33431 DLM WND 07511 003662 WL
150 06015 112 REL 2553N09508W 081135 SPG 2552N09513W 082901 =
NNNN
