UZNT13 KWBC 232344
XXAA  73231 99255 70937 08253 99010 28856 ///// 00086 27850 08520
92772 22246 09019 85503 17842 08017 70140 09630 08521 50587 04143
00513 40759 15145 00503 30971 29147 21010 25099 39348 16521 20247
51756 18531 15427 67561 23024 10666 747// 02512 88999 77999
31313 09608 82247
61616 NA872 WX09A HARVEY       OB 16
62626 SPL 2552N09371W 2304 LST WND 019 MBL WND 09021 AEV 33431 DL
M WND 09509 008759 WL150 09020 093 REL 2551N09368W 224758 =
XXBB  73238 99255 70937 08253 00010 28856 11941 22611 22918 22056
33850 17842 44727 10001 55699 09631 66590 03044 77573 01223 88563
00649 99553 00515 11533 02116 22512 02756 33454 09712 44441 10547
55432 11720 66425 12157 77390 16133 88380 16762 99372 17563 11365
18557 22352 20561 33342 22157 44322 25765 55314 27561 66309 27950
77298 29346 88253 38550 99212 48357 11192 54149 22148 68161 33115
73168 44110 745// 55103 761//
21212 00010 ///// 11008 09518 22950 09522 33850 08017 44738 09519
55666 08524 66638 05514 77631 06012 88616 06015 99569 01512 11556
01511 22539 05013 33516 01010 44429 35510 55311 29004 66299 20510
77281 15513 88264 18013 99248 16522 11228 18524 22215 17532 33201
18531 44179 17532 55161 19024 66146 24019 77141 26013 88137 30011
99128 36013 11124 01013 22122 03512 33116 10513 44113 11012 55110
09009 66100 02512
31313 09608 82247
61616 NA872 WX09A HARVEY       OB 16
62626 SPL 2552N09371W 2304 LST WND 019 MBL WND 09021 AEV 33431 DL
M WND 09509 008759 WL150 09020 093 REL 2551N09368W 224758 =
XXCC  7323/ 99255 70937 08253 88999 77999
31313 09608 82247
51515 10190 70875
61616 NA872 WX09A HARVEY       OB 16
62626 SPL 2552N09371W 2304 LST WND 019 MBL WND 09021 AEV 33431 DL
M WND 09509 008759 WL150 09020 093 REL 2551N09368W 224758 =
XXDD  7323/ 99255 70937 08253 11963 727// 22901 741// 33866 725//
44832 731// 55815 707// 66759 715//
21212 11889 10508 22833 10028 33820 12020 44812 21014 55759 05513
31313 09608 82247
51515 10190 70875
61616 NA872 WX09A HARVEY       OB 16
62626 SPL 2552N09371W 2304 LST WND 019 MBL WND 09021 AEV 33431 DL
M WND 09509 008759 WL150 09020 093 REL 2551N09368W 224758 =
NNNN
