UZNT13 KWBC 232121
XXAA  73201 99285 70899 08189 99012 29656 ///// 00111 28650 06508
92800 22427 07508 85532 17621 06507 70171 09256 09506 50588 05313
17523 40760 15350 18015 30971 30559 15009 25098 40956 23519 20246
52156 22560 15426 64363 25524 10668 745// 34508 88999 77999
31313 09608 82009
61616 NA872 WX09A HARVEY       OB 06
62626 LST WND 022 AEV 33431 DLM WND 18008 010823 WL150 06508 096
 REL 2845N08986W 200938 SPG 2849N08984W 202554 =
XXBB  73208 99285 70899 08189 00012 29656 11935 22806 22922 22641
33850 17621 44785 14218 55748 12657 66718 09827 77702 09456 88668
07257 99647 05458 11631 03850 22613 03260 33593 00617 44578 00058
55565 01712 66538 04322 77499 05313 88430 12505 99421 12343 11409
14337 22392 15958 33371 19339 44346 22357 55322 26556 66282 33763
77254 40350 88209 49756 99163 63758 11151 63962 22122 69768 33110
731// 44101 745//
21212 00012 ///// 11010 06008 22953 07010 33850 06507 44723 06504
55664 11010 66644 10011 77609 12517 88585 12520 99562 15022 11540
14526 22490 18029 33455 19018 44428 17018 55414 19015 66280 16008
77262 22513 88241 24522 99222 24050 11194 22560 22164 24057 33152
25528 44139 24507 55136 24010 66131 25020 77124 26010 88119 33011
99115 35516 11110 35513 22107 33510
31313 09608 82009
61616 NA872 WX09A HARVEY       OB 06
62626 LST WND 022 AEV 33431 DLM WND 18008 010823 WL150 06508 096
 REL 2845N08986W 200938 SPG 2849N08984W 202554 =
XXCC  7320/ 99285 70899 08189 88999 77999
31313 09608 82009
51515 10190 70877
61616 NA872 WX09A HARVEY       OB 06
62626 LST WND 022 AEV 33431 DLM WND 18008 010823 WL150 06508 096
 REL 2845N08986W 200938 SPG 2849N08984W 202554 =
XXDD  7320/ 99285 70899 08189 11869 709// 22823 739//
21212 11888 09010 22868 30511 33823 06007
31313 09608 82009
51515 10190 70877
61616 NA872 WX09A HARVEY       OB 06
62626 LST WND 022 AEV 33431 DLM WND 18008 010823 WL150 06508 096
 REL 2845N08986W 200938 SPG 2849N08984W 202554 =
NNNN
