UZNT13 KWBC 240602
XXAA  74061 99254 70950 08255 99009 29034 08015 00083 28240 07518
92771 22423 07516 85503 17823 09522 70145 09627 03516 50587 05915
06012 40759 13568 03507 30971 29956 09508 25099 39923 16520 20247
52160 17030 15427 66162 22012 10665 735// 03018 88111 76386 19004
77999
31313 09608 80534
61616 NA872 WX09A HARVEY       OB 52
62626 MBL WND 07518 AEV 33429 DLM WND 07511 008670 WL150 07518 08
3 REL 2537N09499W 053401 SPG 2537N09505W 055151 =
XXBB  74068 99254 70950 08255 00009 29034 11850 17823 22739 12656
33699 09626 44645 05832 55631 05659 66598 02633 77586 01857 88549
01157 99543 01740 11523 03757 22501 05919 33497 06121 44490 05957
55479 06559 66473 06568 77461 06965 88457 07374 99436 09763 11431
10368 22422 11559 33406 12767 44335 23365 55313 27564 66308 28559
77304 29361 88298 30349 99264 36528 11220 46744 22194 53562 33174
59159 44135 71364 55110 76386 66105 76386
21212 00009 08015 11006 07521 22004 07016 33982 07519 44929 07516
55850 09522 66695 03515 77617 04019 88594 05517 99565 03520 11534
05516 22521 04015 33479 06511 44432 01510 55357 03010 66331 06510
77322 05512 88312 07007 99292 13510 11273 16514 22224 16028 33201
17030 44180 20025 55163 20027 66150 22011 77131 07513 88125 15514
99114 17512 11110 21001 22103 02510 33101 01518
31313 09608 80534
61616 NA872 WX09A HARVEY       OB 52
62626 MBL WND 07518 AEV 33429 DLM WND 07511 008670 WL150 07518 08
3 REL 2537N09499W 053401 SPG 2537N09505W 055151 =
XXCC  74067 99254 70950 08255 70876 707// 12065 88999 77719 12587
481//
31313 09608 80534
51515 10190 50073
61616 NA872 WX09A HARVEY       OB 52
62626 MBL WND 07518 AEV 33429 DLM WND 07511 008670 WL150 07518 08
3 REL 2537N09499W 053401 SPG 2537N09505W 055151 =
XXDD  7406/ 99254 70950 08255 11985 729// 22866 761// 33670 697//
21212 11975 06025 22930 08019 33860 04519 44770 08528 55738 10545
66719 12587 77670 10034
31313 09608 80534
51515 10190 50073
61616 NA872 WX09A HARVEY       OB 52
62626 MBL WND 07518 AEV 33429 DLM WND 07511 008670 WL150 07518 08
3 REL 2537N09499W 053401 SPG 2537N09505W 055151 =
NNNN
