UZNT13 KWBC 240927
XXAA  74081 99242 70948 08244 99006 28643 ///// 00053 28044 05522
92741 22218 06024 85472 17415 06026 70116 10438 03523 50584 03957
02514 40757 14958 35012 30969 28557 15509 25097 38756 15020 20246
51556 16022 15427 65962 14029 10664 757// 04514 88120 771// 16019
77999
31313 09608 80826
61616 NA872 WX09A HARVEY       OB 61
62626 LST WND 013 MBL WND 05522 AEV 33431 DLM WND 05513 004647 WL
150 05522 087 REL 2419N09484W 082611 SPG 2416N09490W 084349 =
XXBB  74088 99242 70948 08244 00006 28643 11938 22804 22850 17415
33823 16635 44710 10210 55699 10244 66642 05800 77539 02310 88512
03704 99496 04159 11482 05764 22458 08556 33437 10161 44428 11350
55373 17764 66369 18360 77361 18971 88348 20368 99344 20768 11338
21759 22324 23765 33287 31347 44272 33957 55249 39156 66231 42761
77200 51356 88173 58560 99134 72566 11120 771// 22110 749//
21212 00006 ///// 11004 06022 22991 05022 33940 06020 44902 06529
55850 06026 66585 01520 77547 01517 88528 04017 99498 02513 11484
00513 22463 01512 33413 34013 44352 03011 55323 13506 66274 15519
77202 15522 88180 18526 99166 15021 11143 13533 22132 13528 33120
16019 44116 13511 55113 15011 66110 08513 77102 05016
31313 09608 80826
61616 NA872 WX09A HARVEY       OB 61
62626 LST WND 013 MBL WND 05522 AEV 33431 DLM WND 05513 004647 WL
150 05522 087 REL 2419N09484W 082611 SPG 2416N09490W 084349 =
XXCC  74087 99242 70948 08244 70876 709// 03025 88985 761// 04014
77999
31313 09608 80826
51515 10190 50072
61616 NA872 WX09A HARVEY       OB 61
62626 LST WND 013 MBL WND 05522 AEV 33431 DLM WND 05513 004647 WL
150 05522 087 REL 2419N09484W 082611 SPG 2416N09490W 084349 =
XXDD  7408/ 99242 70948 08244 11960 763// 22647 703//
21212 11958 04012 22929 03018 33856 05527 44827 08021 55796 08033
66735 10027 77720 09021 88710 06518 99693 02035 11647 07014
31313 09608 80826
51515 10190 50072
61616 NA872 WX09A HARVEY       OB 61
62626 LST WND 013 MBL WND 05522 AEV 33431 DLM WND 05513 004647 WL
150 05522 087 REL 2419N09484W 082611 SPG 2416N09490W 084349 =
NNNN
