UZNT13 KWBC 240900
XXAA  74081 99263 70955 08265 99008 29250 ///// 00072 28450 07510
92761 22213 09511 85495 19459 07513 70139 10063 04015 50585 04961
06011 40758 14369 03013 30970 29363 09513 25097 39363 17016 20246
52760 18524 15426 66563 19519 10665 743// 01020 88112 757// 30003
77999
31313 09608 80801
61616 NA872 WX09A HARVEY       OB 59
62626 LST WND 027 MBL WND 08510 AEV 33431 DLM WND 07009 005658 WL
150 07510 101 REL 2633N09550W 080156 SPG 2631N09555W 081945 =
XXBB  74088 99263 70955 08265 00008 29250 11931 22407 22850 19459
33824 17456 44766 15264 55653 06064 66606 02050 77591 01058 88586
00641 99556 00760 11525 02561 22372 17171 33339 21977 44315 26572
55302 28962 66272 34973 77261 36959 88253 38764 99233 43949 11220
47346 22196 53763 33146 67764 44131 69567 55110 755// 66103 741//
21212 00008 ///// 11005 04511 22998 07510 33973 09510 44934 08512
55919 10011 66881 07511 77850 07513 88829 08014 99816 06014 11795
06014 22766 03513 33744 04512 44575 03517 55552 05516 66496 06011
77471 02515 88444 01510 99418 03511 11403 02513 22380 05515 33330
05514 44300 09513 55284 07511 66271 12508 77263 15513 88241 18019
99226 17025 11176 19016 22161 20029 33150 19519 44140 15518 55134
17010 66131 23003 77110 32502 88101 00520
31313 09608 80801
61616 NA872 WX09A HARVEY       OB 59
62626 LST WND 027 MBL WND 08510 AEV 33431 DLM WND 07009 005658 WL
150 07510 101 REL 2633N09550W 080156 SPG 2631N09555W 081945 =
XXCC  74087 99263 70955 08265 70877 711// 01089 88999 77707 01104
493//
31313 09608 80801
51515 10190 50073
61616 NA872 WX09A HARVEY       OB 59
62626 LST WND 027 MBL WND 08510 AEV 33431 DLM WND 07009 005658 WL
150 07510 101 REL 2633N09550W 080156 SPG 2631N09555W 081945 =
XXDD  7408/ 99263 70955 08265 11866 751// 22658 701//
21212 11920 09516 22889 07021 33858 07517 44830 04513 55767 08523
66736 06024 77721 02542 88707 01104 99658 10523
31313 09608 80801
51515 10190 50073
61616 NA872 WX09A HARVEY       OB 59
62626 LST WND 027 MBL WND 08510 AEV 33431 DLM WND 07009 005658 WL
150 07510 101 REL 2633N09550W 080156 SPG 2631N09555W 081945 =
NNNN
