UZNT13 KWBC 240119
XXAA  74001 99257 70895 08159 99011 27632 ///// 00099 26825 09008
92786 23050 09506 85520 18447 10513 70161 09024 11020 50588 05122
16021 40760 14721 14508 30972 29134 18507 25100 39142 21017 20248
52745 24025 15427 68961 23518 10666 741// 08514 88139 71762 25018
77999
31313 09608 82331
61616 NA872 WX09A HARVEY       OB 20 CCA
62626 SPL 2574N08948W 2347 LST WND 012 MBL WND 08006 AEV 33429 DL
M WND 14510 010746 WL150 09008 087 REL 2571N08946W 233108 =
XXBB  74008 99257 70895 08159 00011 27632 11963 24007 22950 24456
33933 23656 44850 18447 55711 09621 66682 08243 77662 06017 88653
06035 99614 02413 11506 04522 22372 18127 33308 27532 44253 38342
55193 54350 66144 71161 77136 72362 88126 70566 99111 72568 11110
727//
21212 00011 ///// 11010 09508 22951 04005 33899 09510 44881 09012
55867 10514 66850 10513 77730 12020 88684 10520 99653 14017 11618
13517 22595 15516 33548 16520 44518 15521 55490 17022 66452 16517
77437 15015 88423 16513 99379 11005 11361 10510 22315 18510 33264
19011 44237 22522 55210 24522 66193 24028 77178 25024 88144 23517
99137 25519 11132 28510 22121 24001 33117 34011 44114 02018 55110
05010 66104 05012
31313 09608 82331
61616 NA872 WX09A HARVEY       OB 20 CCA
62626 SPL 2574N08948W 2347 LST WND 012 MBL WND 08006 AEV 33429 DL
M WND 14510 010746 WL150 09008 087 REL 2571N08946W 233108 =
XXCC  7400/ 99257 70895 08159 88999 77999
31313 09608 82331
51515 10190 70876
61616 NA872 WX09A HARVEY       OB 20 CCA
62626 SPL 2574N08948W 2347 LST WND 012 MBL WND 08006 AEV 33429 DL
M WND 14510 010746 WL150 09008 087 REL 2571N08946W 233108 =
XXDD  7400/ 99257 70895 08159 11895 745// 22794 691// 33746 713//
21212 11990 08512 22916 02510 33883 07513 44845 10020 55796 04510
66746 07014
31313 09608 82331
51515 10190 70876
61616 NA872 WX09A HARVEY       OB 20 CCA
62626 SPL 2574N08948W 2347 LST WND 012 MBL WND 08006 AEV 33429 DL
M WND 14510 010746 WL150 09008 087 REL 2571N08946W 233108 =
NNNN
