UZNT13 KWBC 240844
XXAA  74081 99252 70935 08253 99007 28650 09522 00059 28247 09024
92747 22228 09024 85478 17639 09031 70117 09419 06519 50584 04718
06013 40757 14323 08509 30969 28950 17506 25097 38140 15536 20246
51143 16533 15426 66562 18033 10663 747// 05010 88117 777// 16518
77999
31313 09608 80737
61616 NA872 WX09A HARVEY       OB 57
62626 MBL WND 08525 AEV 33431 DLM WND 10015 006651 WL150 09024 08
3 REL 2521N09353W 073734 SPG 2523N09360W 075514 =
XXBB  74088 99252 70935 08253 00007 28650 11905 20209 22889 19850
33850 17639 44814 15016 55679 08630 66606 01801 77566 00702 88525
02735 99501 04718 11463 07156 22419 12547 33413 13109 44409 13530
55380 16150 66374 16959 77363 18563 88347 21156 99341 21961 11323
24762 22309 27749 33294 29749 44265 35525 55235 41756 66203 50143
77130 73565 88116 779// 99110 757// 11104 745//
21212 00007 09522 11907 09025 22898 09529 33850 09031 44733 09019
55694 06518 66657 09514 77638 07512 88628 04510 99595 03511 11560
05015 22549 03516 33505 05014 44482 09517 55430 06510 66408 09513
77305 08501 88296 17510 99278 18018 11255 15036 22183 17537 33147
18034 44133 20014 55127 19515 66122 16011 77117 16018 88115 17017
99113 20011 11110 33506 22105 03510 33100 05010
31313 09608 80737
61616 NA872 WX09A HARVEY       OB 57
62626 MBL WND 08525 AEV 33431 DLM WND 10015 006651 WL150 09024 08
3 REL 2521N09353W 073734 SPG 2523N09360W 075514 =
XXCC  74087 99252 70935 08253 70875 715// 11559 88938 761// 03521
77698 11562 447//
31313 09608 80737
51515 10190 50070
61616 NA872 WX09A HARVEY       OB 57
62626 MBL WND 08525 AEV 33431 DLM WND 10015 006651 WL150 09024 08
3 REL 2521N09353W 073734 SPG 2523N09360W 075514 =
XXDD  7408/ 99252 70935 08253 11909 767// 22830 731// 33651 709//
21212 11976 03515 22894 03518 33830 08013 44728 09024 55713 11033
66698 11562 77651 10521
31313 09608 80737
51515 10190 50070
61616 NA872 WX09A HARVEY       OB 57
62626 MBL WND 08525 AEV 33431 DLM WND 10015 006651 WL150 09024 08
3 REL 2521N09353W 073734 SPG 2523N09360W 075514 =
NNNN
