UZPN13 KWBC 311649
XXAA  81151 99307 71244 12104 99012 18415 01007 00104 17413 35521
92778 24892 02524 85516 23883 01510 70168 08456 16505 50588 06988
02023 40758 18368 36018 30966 35170 33513 25092 405// 32016 20241
493// 29012 15425 609// 29013 10670 715// 02015 88106 719// 30516
77999
31313 09608 81437
61616 NA872 WX14E POTCYCLONE   OB 89
62626 MBL WND 00524 AEV 33429 DLM WND 01012 011615 WL150 35519 08
6 REL 3068N12443W 143725 SPG 3064N12444W 145536 =
XXBB  81158 99307 71244 12104 00012 18415 11984 16412 22973 17256
33959 22276 44949 23873 55912 25088 66885 25699 77850 23883 88831
22065 99676 05847 11671 05849 22665 06673 33643 06280 44449 10978
55413 16565 66373 22172 77300 35170 88261 39579 99230 431// 11180
527// 22177 53573 33159 58171 44110 707//
21212 00012 01007 11005 35521 22971 00527 33956 03036 44889 02015
55871 02016 66850 01510 77666 09001 88643 01512 99594 03016 11554
03018 22533 02521 33527 01026 44476 03025 55455 02526 66400 36018
77386 01517 88344 01517 99297 33513 11290 34519 22263 35013 33259
33510 44256 32013 55245 31015 66238 34015 77232 34014 88222 30514
99211 32011 11202 29011 22190 29521 33177 27515 44164 29022 55110
28507 66104 32017 77101 01016
31313 09608 81437
61616 NA872 WX14E POTCYCLONE   OB 89
62626 MBL WND 00524 AEV 33429 DLM WND 01012 011615 WL150 35519 08
6 REL 3068N12443W 143725 SPG 3064N12444W 145536 =
XXCC  81157 99307 71244 12104 70887 675// 10024 88999 77999
31313 09608 81437
51515 10190 50085
61616 NA872 WX14E POTCYCLONE   OB 89
62626 MBL WND 00524 AEV 33429 DLM WND 01012 011615 WL150 35519 08
6 REL 3068N12443W 143725 SPG 3064N12444W 145536 =
XXDD  8115/ 99307 71244 12104 11900 721// 22845 697// 33615 663//
21212 11905 04514 22874 07510 33844 04018 44796 06523 55780 09028
66747 10021 77711 09025 88659 15529 99615 11514
31313 09608 81437
51515 10190 50085
61616 NA872 WX14E POTCYCLONE   OB 89
62626 MBL WND 00524 AEV 33429 DLM WND 01012 011615 WL150 35519 08
6 REL 3068N12443W 143725 SPG 3064N12444W 145536 =
NNNN
