UZPN13 KWBC 311052
XXAA  81101 99214 71196 08419 99009 24232 ///// 00079 23626 33011
92756 19018 26506 85492 21257 14012 70147 10631 07507 50586 06948
05013 40756 17572 11516 30969 263// 23010 25098 367// 21528 20248
50174 21024 15429 65366 20007 10666 777// 08016 88108 793// 11514
77999
31313 09608 80950
61616 NA872 WX14E POTCYCLONE   OB 66
62626 LST WND 034 MBL WND 32509 AEV 33431 DLM WND 13505 005628 WL
150 33009 109 REL 2145N11958W 095002 SPG 2147N11959W 100802 =
XXBB  81108 99214 71196 08419 00009 24232 11930 18810 22920 20038
33912 22863 44906 23259 55850 21257 66734 13449 77612 02601 88566
00960 99544 03363 11540 03562 22533 04146 33518 05334 44486 07758
55434 14556 66415 16961 77408 17162 88396 17988 99394 17989 11351
195// 22331 217// 33279 303// 44243 383// 55215 45776 66133 70766
77110 789// 88102 787//
21212 00009 ///// 11005 17012 22004 06503 33002 34010 44000 33011
55984 33010 66915 22504 77889 16011 88850 14012 99677 07010 11533
08503 22504 05012 33471 07022 44441 04525 55430 04022 66417 06014
77405 11515 88392 11513 99382 14013 11353 18004 22329 22510 33315
20012 44301 23011 55273 20024 66247 22030 77223 21031 88177 20019
99166 21015 11152 19507 22143 19511 33140 17510 44133 15512 55126
08011 66110 10517 77108 11014 88103 09010 99101 07513
31313 09608 80950
61616 NA872 WX14E POTCYCLONE   OB 66
62626 LST WND 034 MBL WND 32509 AEV 33431 DLM WND 13505 005628 WL
150 33009 109 REL 2145N11958W 095002 SPG 2147N11959W 100802 =
XXCC  81107 99214 71196 08419 70880 705// 08004 88999 77999
31313 09608 80950
51515 10190 50076
61616 NA872 WX14E POTCYCLONE   OB 66
62626 LST WND 034 MBL WND 32509 AEV 33431 DLM WND 13505 005628 WL
150 33009 109 REL 2145N11958W 095002 SPG 2147N11959W 100802 =
XXDD  8110/ 99214 71196 08419 11836 717// 22628 695//
21212 11972 09527 22944 09519 33897 06522 44838 10030 55745 09523
66728 10518 77711 09510 88696 01501 99689 30512 11679 31539 22628
07512
31313 09608 80950
51515 10190 50076
61616 NA872 WX14E POTCYCLONE   OB 66
62626 LST WND 034 MBL WND 32509 AEV 33431 DLM WND 13505 005628 WL
150 33009 109 REL 2145N11958W 095002 SPG 2147N11959W 100802 =
NNNN
