UZPN13 KWBC 310144
XXAA  81011 99206 71106 08400 99001 27418 36016 00008 27418 /////
92696 22402 02029 85430 18602 01529 70082 10401 01523 50582 02505
03019 40757 11715 02016 30972 25927 05518 25101 36934 09511 20251
49742 10518 15432 66162 12020 10666 809// 09541 88107 823// 10537
77999
31313 09608 80100
61616 NA872 WX14E POTCYCLONE   OB 31
62626 MBL WND 00522 AEV 33429 DLM WND 03517 000722 WL150 35518 08
4 REL 2059N11065W 010001 SPG 2055N11071W 011716 =
XXBB  81018 99206 71106 08400 00001 27418 11850 18602 22769 15220
33511 01503 44421 09112 55355 17120 66291 27530 77228 42334 88187
53750 99136 71766 11110 819// 22102 825//
21212 00001 36016 11930 01529 22887 01525 33850 01529 44692 01522
55669 00526 66566 01514 77523 02017 88510 03518 99401 02017 11366
03016 22351 05512 33287 05019 44257 09008 55226 07016 66206 10018
77174 12516 88167 15013 99162 13513 11128 10028 22110 11534 33103
09543
31313 09608 80100
61616 NA872 WX14E POTCYCLONE   OB 31
62626 MBL WND 00522 AEV 33429 DLM WND 03517 000722 WL150 35518 08
4 REL 2059N11065W 010001 SPG 2055N11071W 011716 =
XXCC  8101/ 99206 71106 08400 88999 77774 13073 461//
31313 09608 80100
51515 10190 70877
61616 NA872 WX14E POTCYCLONE   OB 31
62626 MBL WND 00522 AEV 33429 DLM WND 03517 000722 WL150 35518 08
4 REL 2059N11065W 010001 SPG 2055N11071W 011716 =
XXDD  8101/ 99206 71106 08400 11973 773// 22913 735// 33722 647//
21212 11988 09038 22948 05533 33891 08028 44854 13025 55810 14025
66792 13036 77774 13073 88722 10024
31313 09608 80100
51515 10190 70877
61616 NA872 WX14E POTCYCLONE   OB 31
62626 MBL WND 00522 AEV 33429 DLM WND 03517 000722 WL150 35518 08
4 REL 2059N11065W 010001 SPG 2055N11071W 011716 =
NNNN
