UZPN13 KWBC 311340
XXAA  81121 99245 71199 08449 99008 22222 33512 00067 21618 34012
92744 24461 33508 85483 21458 35005 70137 09610 11507 50586 04170
05018 40757 18347 10517 30968 291// 03529 25096 385// 04516 20246
497// 09004 15428 63765 15009 10667 751// 06010 88109 767// 15513
77999
31313 09608 81149
61616 NA872 WX14E POTCYCLONE   OB 75
62626 MBL WND 33512 AEV 33431 DLM WND 05508 007628 WL150 34012 08
0 REL 2453N11987W 114912 SPG 2450N11992W 120646 =
XXBB  81128 99245 71199 08449 00008 22222 11963 18808 22958 19420
33951 23267 44936 24871 55918 24258 66850 21458 77729 12441 88691
08804 99590 01057 11575 00258 22564 00168 33556 00360 44552 00564
55546 00961 66540 01164 77534 00985 88514 02176 99496 04567 11491
04787 22470 06973 33383 21332 44367 19985 55359 201// 66287 313//
77213 463// 88193 51373 99168 58568 11123 72566 22110 763// 33105
769//
21212 00008 33512 11958 34013 22947 32513 33928 34008 44878 31503
55850 35005 66601 05502 77540 01514 88495 05019 99436 07519 11400
10517 22381 10518 33377 08514 44369 04522 55355 03530 66307 03030
77292 04528 88255 04517 99241 06510 11217 06001 22183 03510 33155
16011 44116 11012 55110 15014 66107 16010 77103 13505
31313 09608 81149
61616 NA872 WX14E POTCYCLONE   OB 75
62626 MBL WND 33512 AEV 33431 DLM WND 05508 007628 WL150 34012 08
0 REL 2453N11987W 114912 SPG 2450N11992W 120646 =
XXCC  81127 99245 71199 08449 70881 701// 08524 88999 77999
31313 09608 81149
51515 10190 50078
61616 NA872 WX14E POTCYCLONE   OB 75
62626 MBL WND 33512 AEV 33431 DLM WND 05508 007628 WL150 34012 08
0 REL 2453N11987W 114912 SPG 2450N11992W 120646 =
XXDD  8112/ 99245 71199 08449 11951 735// 22628 687//
21212 11988 05010 22974 04512 33927 09020 44843 09018 55806 11522
66781 07011 77755 04518 88707 08521 99673 09047 11628 09032
31313 09608 81149
51515 10190 50078
61616 NA872 WX14E POTCYCLONE   OB 75
62626 MBL WND 33512 AEV 33431 DLM WND 05508 007628 WL150 34012 08
0 REL 2453N11987W 114912 SPG 2450N11992W 120646 =
NNNN
