UZPN13 KWBC 310925
XXAA  81091 99187 71237 04983 99011 24635 00511 00097 23631 35009
92774 18411 00506 85497 19257 22501 70152 13667 05006 50587 07764
09011 40760 111// 02020 30973 283// 01519 25101 38778 34011 20250
51569 01506 15430 67166 07008 10666 801// 10527 88102 797// 10028
77999
31313 09608 80842
61616 NA872 WX14E POTCYCLONE   OB 60
62626 SPL 1868N12377W 0900 MBL WND 35508 AEV 33431 DLM WND 04507
 010650 WL150 35008 083 REL 1870N12374W 084212 =
XXBB  81098 99187 71237 04983 00011 24635 11963 20606 22874 15405
33850 19257 44846 19460 55817 18256 66794 17662 77752 15862 88725
15473 99714 14870 11680 11867 22653 08859 33632 06863 44594 02430
55563 00744 66552 01761 77459 13164 88456 12366 99450 08390 11445
07596 22436 08193 33402 109// 44279 319// 55274 32981 66212 47972
77139 70366 88110 783//
21212 00011 00511 11008 34006 22985 00509 33865 03005 44859 00000
55850 22501 66514 10504 77489 07015 88457 05517 99440 01012 11428
02515 22411 01017 33370 01518 44340 36017 55333 01518 66325 00523
77294 02517 88250 34011 99244 35513 11233 34510 22189 07004 33138
04014 44129 08018 55114 09012 66110 07019 77105 07526
31313 09608 80842
61616 NA872 WX14E POTCYCLONE   OB 60
62626 SPL 1868N12377W 0900 MBL WND 35508 AEV 33431 DLM WND 04507
 010650 WL150 35008 083 REL 1870N12374W 084212 =
XXCC  81097 99187 71237 04983 70877 709// 18061 88999 77699 18062
467//
31313 09608 80842
51515 10190 50073
61616 NA872 WX14E POTCYCLONE   OB 60
62626 SPL 1868N12377W 0900 MBL WND 35508 AEV 33431 DLM WND 04507
 010650 WL150 35008 083 REL 1870N12374W 084212 =
XXDD  8109/ 99187 71237 04983 11982 801// 22886 781// 33840 735//
44650 701//
21212 11985 11029 22915 08020 33873 10519 44847 09022 55772 08523
66731 13023 77716 16031 88699 18062 99650 11518
31313 09608 80842
51515 10190 50073
61616 NA872 WX14E POTCYCLONE   OB 60
62626 SPL 1868N12377W 0900 MBL WND 35508 AEV 33431 DLM WND 04507
 010650 WL150 35008 083 REL 1870N12374W 084212 =
NNNN
