UZPN13 KWBC 301955
XXAA  80191 99261 71185 08468 99009 21621 00511 00082 20818 35011
92763 27063 01007 85506 22259 06507 70165 11044 10506 50589 03965
07513 40761 14785 07025 30974 293// 05531 25101 393// 05531 20250
507// 04526 15432 651// 05020 10675 747// 07537 88999 77999
31313 09608 81902
61616 NA872 WX14E POTCYCLONE   OB 04
62626 MBL WND 35511 AEV 33431 DLM WND 06013 009847 WL150 35511 08
0 REL 2607N11853W 190159 SPG 2603N11859W 191926 =
XXBB  80198 99261 71185 08468 00009 21621 11973 19016 22967 20036
33962 24467 44958 25882 55953 27071 66941 27872 77912 26461 88850
22259 99789 19059 11720 12635 22705 11450 33642 05832 44610 03456
55579 02465 66569 01660 77555 01663 88491 04768 99466 08368 11417
14958 22404 14586 33394 15190 44369 173// 55289 311// 66231 429//
77174 569// 88173 57171 99153 63969 11110 747//
21212 00009 00511 11007 35010 22002 36010 33998 35011 44966 34512
55946 03506 66850 06507 77796 10510 88745 10011 99585 15003 11467
06515 22445 10013 33420 10516 44415 10517 55407 07524 66376 04533
77326 06031 88241 05028 99232 06026 11206 04026 22190 05531 33184
05033 44177 05520 55162 06517 66146 05517 77136 02016 88129 03017
99123 06015 11116 03513 22110 05517 33107 04513
31313 09608 81902
61616 NA872 WX14E POTCYCLONE   OB 04
62626 MBL WND 35511 AEV 33431 DLM WND 06013 009847 WL150 35511 08
0 REL 2607N11853W 190159 SPG 2603N11859W 191926 =
XXCC  8019/ 99261 71185 08468 88999 77999
31313 09608 81902
51515 10190 70879
61616 NA872 WX14E POTCYCLONE   OB 04
62626 MBL WND 35511 AEV 33431 DLM WND 06013 009847 WL150 35511 08
0 REL 2607N11853W 190159 SPG 2603N11859W 191926 =
XXDD  8019/ 99261 71185 08468 11847 741//
21212 11990 07539 22943 09513 33937 08510 44930 04008 55923 36017
66909 35552 77847 09017
31313 09608 81902
51515 10190 70879
61616 NA872 WX14E POTCYCLONE   OB 04
62626 MBL WND 35511 AEV 33431 DLM WND 06013 009847 WL150 35511 08
0 REL 2607N11853W 190159 SPG 2603N11859W 191926 =
NNNN
