UZPN13 KWBC 310945
XXAA  81091 99197 71232 04993 99010 23609 ///// 00085 22809 35010
92761 18200 36002 85484 15004 10507 70140 12863 07009 50586 06768
02008 40758 115// 02028 30972 281// 36019 25100 383// 36014 20249
50572 04506 15430 65766 06020 10667 787// 12524 88999 77999
31313 09608 80854
61616 NA872 WX14E POTCYCLONE   OB 61
62626 LST WND 028 MBL WND 35510 AEV 33431 DLM WND 04008 006648 WL
150 34510 103 REL 1968N12323W 085405 SPG 1965N12325W 091204 =
XXBB  81098 99197 71232 04993 00010 23609 11947 19005 22850 15004
33849 14805 44836 19460 55829 20061 66685 11662 77655 08865 88601
02656 99587 02470 11520 04375 22504 06374 33479 09761 44475 10165
55444 14762 66441 14364 77438 12185 88434 103// 99427 091// 11410
101// 22352 183// 33255 371// 44243 39978 55205 49173 66134 70966
77110 775//
21212 00010 ///// 11006 31509 22005 31011 33000 35010 44982 35512
55974 01010 66957 00510 77915 05001 88850 10507 99763 10010 11720
07010 22562 01501 33533 02010 44525 00510 55463 04010 66442 03513
77431 01519 88403 02029 99266 35022 11252 00515 22218 31504 33164
04010 44155 04018 55144 07517 66137 06511 77131 09012 88125 08013
99110 08518 11101 12524
31313 09608 80854
61616 NA872 WX14E POTCYCLONE   OB 61
62626 LST WND 028 MBL WND 35510 AEV 33431 DLM WND 04008 006648 WL
150 34510 103 REL 1968N12323W 085405 SPG 1965N12325W 091204 =
XXCC  81097 99197 71232 04993 70878 709// 18043 88998 787// 12523
77999
31313 09608 80854
51515 10190 50074
61616 NA872 WX14E POTCYCLONE   OB 61
62626 LST WND 028 MBL WND 35510 AEV 33431 DLM WND 04008 006648 WL
150 34510 103 REL 1968N12323W 085405 SPG 1965N12325W 091204 =
XXDD  8109/ 99197 71232 04993 11947 793// 22845 741// 33648 699//
21212 11937 07522 22883 11521 33845 07526 44811 09526 55757 09522
66733 13018 77719 16524 88699 18043 99648 12515
31313 09608 80854
51515 10190 50074
61616 NA872 WX14E POTCYCLONE   OB 61
62626 LST WND 028 MBL WND 35510 AEV 33431 DLM WND 04008 006648 WL
150 34510 103 REL 1968N12323W 085405 SPG 1965N12325W 091204 =
NNNN
