UZPN13 KWBC 311011
XXAA  81091 99215 71225 08512 99009 23429 36011 00082 22627 35513
92757 17602 13002 85485 21862 07007 70141 10857 08508 50586 06965
09013 40757 127// 03038 30970 283// 01529 25098 385// 01019 20248
50771 01017 15428 65966 05517 10665 783// 14511 88104 785// 12017
77999
31313 09608 80915
61616 NA872 WX14E POTCYCLONE   OB 63
62626 MBL WND 36010 AEV 33431 DLM WND 05012 009637 WL150 35513 08
0 REL 2148N12249W 091459 SPG 2144N12254W 093306 =
XXBB  81098 99215 71225 08512 00009 23429 11888 15610 22884 16424
33878 20858 44866 22061 55850 21862 66765 16660 77672 08250 88627
05064 99619 04258 11592 02263 22569 01478 33557 00873 44480 09167
55464 11160 66430 15758 77424 14373 88417 12991 99412 12390 11408
119// 22352 191// 33261 359// 44212 47175 55211 47575 66131 71966
77110 767// 88101 785//
21212 00009 36011 11005 34515 22989 35513 33973 36010 44962 02004
55934 10501 66850 07007 77595 08010 88570 10503 99548 12010 11532
10512 22466 08527 33428 07027 44420 03520 55403 03039 66265 36027
77232 03013 88228 02511 99222 35007 11213 01513 22204 00516 33157
04523 44152 04518 55140 09011 66132 06002 77113 08010 88110 10017
99100 14512
31313 09608 80915
61616 NA872 WX14E POTCYCLONE   OB 63
62626 MBL WND 36010 AEV 33431 DLM WND 05012 009637 WL150 35513 08
0 REL 2148N12249W 091459 SPG 2144N12254W 093306 =
XXCC  81097 99215 71225 08512 70879 711// 14520 88999 77999
31313 09608 80915
51515 10190 50074
61616 NA872 WX14E POTCYCLONE   OB 63
62626 MBL WND 36010 AEV 33431 DLM WND 05012 009637 WL150 35513 08
0 REL 2148N12249W 091459 SPG 2144N12254W 093306 =
XXDD  8109/ 99215 71225 08512 11954 771// 22895 725// 33637 707//
21212 11970 09512 22926 11513 33914 09511 44899 07019 55852 10036
66818 08032 77790 10528 88743 09022 99717 10518 11683 18033 22637
11513
31313 09608 80915
51515 10190 50074
61616 NA872 WX14E POTCYCLONE   OB 63
62626 MBL WND 36010 AEV 33431 DLM WND 05012 009637 WL150 35513 08
0 REL 2148N12249W 091459 SPG 2144N12254W 093306 =
NNNN
