UZPN13 KWBC 311514
XXAA  81121 99252 71230 08553 99009 20431 ///// 00081 19626 35514
92748 16642 33010 85486 22265 24506 70139 12475 36007 50587 04568
04004 40759 14386 01018 30971 295// 34522 25099 38579 34007 20248
50572 33509 15430 64967 03507 10669 743// 10510 88111 747// 13508
77999
31313 09608 81219
61616 NA872 WX14E POTCYCLONE   OB 77
62626 SPL 2516N12300W 1237 LST WND 014 MBL WND 34514 AEV 33429 DL
M WND 00507 008621 WL150 35514 089 REL 2518N12299W 121926 =
XXBB  81128 99252 71230 08553 00009 20431 11960 16400 22931 14812
33926 16036 44922 21461 55920 23667 66917 24682 77912 25280 88891
23459 99860 22260 11850 22265 22818 21068 33758 14860 44729 12462
55703 12677 66608 04480 77560 02487 88484 06367 99480 06761 11454
10562 22439 10782 33422 11391 44391 14986 55350 20587 66345 213//
77286 32182 88249 38579 99179 55770 11140 68167 22125 723// 33110
747//
21212 00009 ///// 11008 00511 22974 34015 33929 33012 44925 33010
55919 26003 66899 23507 77850 24506 88602 32010 99570 02510 11494
07003 22470 12510 33457 12512 44449 11010 55437 03510 66418 01017
77311 34523 88267 00510 99254 34005 11222 00517 22201 33510 33183
34510 44176 00510 55110 13008
31313 09608 81219
61616 NA872 WX14E POTCYCLONE   OB 77
62626 SPL 2516N12300W 1237 LST WND 014 MBL WND 34514 AEV 33429 DL
M WND 00507 008621 WL150 35514 089 REL 2518N12299W 121926 =
XXCC  81127 99252 71230 08553 70883 701// 10021 88999 77999
31313 09608 81219
51515 10190 50079
61616 NA872 WX14E POTCYCLONE   OB 77
62626 SPL 2516N12300W 1237 LST WND 014 MBL WND 34514 AEV 33429 DL
M WND 00507 008621 WL150 35514 089 REL 2518N12299W 121926 =
XXDD  8112/ 99252 71230 08553 11900 743// 22621 687//
21212 11982 10010 22938 05013 33906 07012 44888 02510 55868 02017
66840 04027 77809 08021 88736 08527 99689 11020 11664 16039 22621
10525
31313 09608 81219
51515 10190 50079
61616 NA872 WX14E POTCYCLONE   OB 77
62626 SPL 2516N12300W 1237 LST WND 014 MBL WND 34514 AEV 33429 DL
M WND 00507 008621 WL150 35514 089 REL 2518N12299W 121926 =
NNNN
