UZPN13 KWBC 310451
XXAA  81031 99190 71067 04796 99007 28631 20521 00065 28028 20022
92754 22814 18530 85490 19840 20539 70136 08019 18550 50586 03505
21034 40760 12917 21034 30974 26927 22511 25102 37532 12006 20252
51143 04001 15432 67162 36018 10667 785// 10525 88113 795// 05532
77999
31313 09608 80321
61616 NA872 WX14E POTCYCLONE   OB 43
62626 SPL 1913N10664W 0339 MBL WND 19524 AEV 33419 DLM WND 20026
 007709 WL150 20023 081 REL 1903N10667W 032152 =
XXBB  81038 99190 71067 04796 00007 28631 11947 23812 22850 19840
33753 13627 44693 07010 55670 07400 66514 02504 77445 08110 88352
18722 99292 28328 11246 38532 22188 54550 33134 72765 44110 797//
55106 777//
21212 00007 20521 11994 20025 22981 19524 33910 19033 44870 19533
55850 20539 66785 21046 77697 18550 88522 21033 99368 21037 11360
22030 22347 20523 33327 20519 44302 23013 55285 20503 66201 09001
77169 06010 88158 01011 99141 35022 11134 35521 22120 04527 33110
05031 44100 10525
31313 09608 80321
61616 NA872 WX14E POTCYCLONE   OB 43
62626 SPL 1913N10664W 0339 MBL WND 19524 AEV 33419 DLM WND 20026
 007709 WL150 20023 081 REL 1903N10667W 032152 =
XXCC  8103/ 99190 71067 04796 88999 77999
31313 09608 80321
51515 10190 70874
61616 NA872 WX14E POTCYCLONE   OB 43
62626 SPL 1913N10664W 0339 MBL WND 19524 AEV 33419 DLM WND 20026
 007709 WL150 20023 081 REL 1903N10667W 032152 =
XXDD  8103/ 99190 71067 04796 11982 787// 22900 771// 33709 693//
21212 11940 07026 22806 11522 33756 13041 44709 11026
31313 09608 80321
51515 10190 70874
61616 NA872 WX14E POTCYCLONE   OB 43
62626 SPL 1913N10664W 0339 MBL WND 19524 AEV 33419 DLM WND 20026
 007709 WL150 20023 081 REL 1903N10667W 032152 =
NNNN
