UZPN13 KWBC 311232
XXAA  81111 99239 71153 08435 99007 22615 35010 00061 22212 34012
92744 26263 35012 85486 22462 02509 70140 09845 09516 50586 04376
04512 40758 16346 11513 30970 28172 18018 25099 37770 19524 20248
51159 21017 15429 65766 19523 10666 769// 08514 88109 775// 15514
77999
31313 09608 81107
61616 NA872 WX14E POTCYCLONE   OB 72
62626 MBL WND 34012 AEV 33431 DLM WND 12005 006637 WL150 34012 08
0 REL 2387N11533W 110732 SPG 2390N11536W 112535 =
XXBB  81118 99239 71153 08435 00007 22615 11974 20408 22969 21020
33960 25261 44943 26261 55883 23858 66850 22462 77754 15261 88742
13850 99682 08022 11646 04858 22640 03816 33630 03010 44621 02658
55595 01056 66590 00861 77572 01678 88541 00074 99500 04376 11498
04769 22492 05515 33470 07910 44445 09159 55382 19533 66378 19357
77375 18383 88371 17984 99346 19182 11313 25768 22261 34977 33200
51159 44163 61365 55137 70366 66110 773// 77100 769//
21212 00007 35010 11970 33012 22951 00512 33931 35514 44906 32505
55850 02509 66724 10013 77650 08010 88573 10005 99508 04011 11470
08515 22433 08017 33408 11011 44387 11512 55381 12012 66375 14512
77347 18017 88297 18018 99269 22518 11242 18524 22182 23519 33158
20018 44128 18514 55120 13010 66116 15513 77110 15513 88105 13514
99101 08511
31313 09608 81107
61616 NA872 WX14E POTCYCLONE   OB 72
62626 MBL WND 34012 AEV 33431 DLM WND 12005 006637 WL150 34012 08
0 REL 2387N11533W 110732 SPG 2390N11536W 112535 =
XXCC  81117 99239 71153 08435 70880 689// 08537 88999 77999
31313 09608 81107
51515 10190 50078
61616 NA872 WX14E POTCYCLONE   OB 72
62626 MBL WND 34012 AEV 33431 DLM WND 12005 006637 WL150 34012 08
0 REL 2387N11533W 110732 SPG 2390N11536W 112535 =
XXDD  8111/ 99239 71153 08435 11637 671//
21212 11957 10523 22916 08516 33901 08020 44862 11035 55824 12520
66788 09512 77741 06022 88712 07528 99683 09556 11637 08034
31313 09608 81107
51515 10190 50078
61616 NA872 WX14E POTCYCLONE   OB 72
62626 MBL WND 34012 AEV 33431 DLM WND 12005 006637 WL150 34012 08
0 REL 2387N11533W 110732 SPG 2390N11536W 112535 =
NNNN
