UZPN13 KWBC 311125
XXAA  81101 99212 71182 08418 99007 24623 30514 00058 24024 31513
92737 22657 23506 85476 21659 10511 70127 09623 07006 50584 07106
11512 40755 15958 15512 30969 265// 20014 25098 36777 20027 20248
50764 21521 15428 65766 21517 10666 787// 08511 88100 787// 09010
77999
31313 09608 81004
61616 NA872 WX14E POTCYCLONE   OB 67
62626 SPL 2128N11826W 1022 MBL WND 31012 AEV 33431 DLM WND 14506
 006634 WL150 31013 083 REL 2125N11824W 100431 =
XXBB  81108 99212 71182 08418 00007 24623 11940 19806 22923 22856
33901 23656 44850 21659 55756 14656 66658 05401 77502 06903 88485
06757 99460 10556 11450 11916 22416 15311 33411 15550 44404 16356
55401 16356 66397 15186 77395 149// 88374 155// 99349 185// 11284
291// 22278 30583 33253 36178 44191 53163 55133 70566 66116 761//
77110 763//
21212 00007 30514 11976 32012 22937 29511 33921 21005 44907 15510
55900 15011 66882 15008 77863 10510 88850 10511 99647 08010 11568
03012 22504 11510 33473 07015 44449 09014 55445 08510 66437 10507
77425 14512 88416 13015 99391 16517 11379 16018 22370 18514 33353
16514 44342 18016 55323 17016 66303 20013 77272 21026 88256 19528
99202 21521 11187 20521 22168 22522 33153 22518 44139 19513 55136
14514 66131 10516 77120 12518 88110 11510 99103 12011
31313 09608 81004
61616 NA872 WX14E POTCYCLONE   OB 67
62626 SPL 2128N11826W 1022 MBL WND 31012 AEV 33431 DLM WND 14506
 006634 WL150 31013 083 REL 2125N11824W 100431 =
XXCC  81107 99212 71182 08418 70877 703// 08012 88999 77999
31313 09608 81004
51515 10190 50074
61616 NA872 WX14E POTCYCLONE   OB 67
62626 SPL 2128N11826W 1022 MBL WND 31012 AEV 33431 DLM WND 14506
 006634 WL150 31013 083 REL 2125N11824W 100431 =
XXDD  8110/ 99212 71182 08418 11956 787// 22896 771// 33835 727//
44634 689//
21212 11964 05518 22904 09522 33868 08027 44841 10033 55797 12522
66689 08011 77675 04506 88634 08015
31313 09608 81004
51515 10190 50074
61616 NA872 WX14E POTCYCLONE   OB 67
62626 SPL 2128N11826W 1022 MBL WND 31012 AEV 33431 DLM WND 14506
 006634 WL150 31013 083 REL 2125N11824W 100431 =
NNNN
