UZPN13 KWBC 302013
XXAA  80201 99239 71167 08436 99007 24216 31508 00063 23617 34008
92748 25859 02507 85489 21857 06508 70145 11456 07007 50587 04768
03017 40759 16907 09024 30970 275// 19035 25099 379// 19529 20248
50174 20018 15430 63765 16511 10673 755// 08024 88999 77999
31313 09608 81932
61616 NA872 WX14E POTCYCLONE   OB 05
62626 SPL 2393N11670W 1949 MBL WND 35508 AEV 33431 DLM WND 10006
 007853 WL150 33508 080 REL 2392N11667W 193218 =
XXBB  80208 99239 71167 08436 00007 24216 11976 21811 22963 24661
33958 26061 44949 26460 55881 23250 66850 21857 77725 12431 88697
11256 99652 07632 11560 00758 22541 01761 33535 01958 44520 02564
55503 04570 66494 05562 77488 06164 88479 06757 99453 09146 11387
18902 22377 20705 33368 22140 44361 21766 55355 209// 66314 255//
77243 395// 88205 49174 99156 61765 11133 69367 22110 749//
21212 00007 31508 11959 03510 22954 02010 33923 03007 44861 06011
55850 06508 66739 08510 77721 08010 88658 33501 99535 05013 11503
02517 22453 09021 33390 09027 44365 09520 55358 13513 66351 14508
77314 19523 88299 19035 99237 18527 11183 21011 22168 16514 33154
16508 44149 16511 55143 13511 66138 14013 77124 07011 88117 09012
99113 07011 11110 07519 22104 09524
31313 09608 81932
61616 NA872 WX14E POTCYCLONE   OB 05
62626 SPL 2393N11670W 1949 MBL WND 35508 AEV 33431 DLM WND 10006
 007853 WL150 33508 080 REL 2392N11667W 193218 =
XXCC  8020/ 99239 71167 08436 88999 77999
31313 09608 81932
51515 10190 70876
61616 NA872 WX14E POTCYCLONE   OB 05
62626 SPL 2393N11670W 1949 MBL WND 35508 AEV 33431 DLM WND 10006
 007853 WL150 33508 080 REL 2392N11667W 193218 =
XXDD  8020/ 99239 71167 08436 11853 749//
21212 11953 07521 22935 04519 33925 36028 44913 33552 55853 06024
31313 09608 81932
51515 10190 70876
61616 NA872 WX14E POTCYCLONE   OB 05
62626 SPL 2393N11670W 1949 MBL WND 35508 AEV 33431 DLM WND 10006
 007853 WL150 33508 080 REL 2392N11667W 193218 =
NNNN
