UZPN13 KWBC 310107
XXAA  81001 99180 71081 04788 99004 27832 22020 00033 27430 22022
92720 22423 22028 85453 18010 21528 70098 10021 23029 50583 03505
22033 40757 12916 22530 30971 26929 23515 25100 36938 20505 20250
50147 03011 15431 65961 03023 10665 811// 09023 88111 81364 07033
77999
31313 09608 80024
61616 NA872 WX14E POTCYCLONE   OB 28
62626 SPL 1806N10807W 0041 AEV 33429 DLM WND 22020 003737 WL150 2
2023 080 REL 1799N10811W 002432 =
XXBB  81008 99180 71081 04788 00004 27832 11953 23413 22850 18010
33797 15612 44784 15239 55727 11631 66714 10808 77620 05828 88552
00003 99460 06711 11360 17722 22304 26127 33231 41750 44219 44935
55161 62358 66133 72365 77110 81365 88109 80765 99104 799//
21212 00004 22020 11938 22531 22924 22028 33850 21528 44729 23031
55548 21542 66462 21029 77435 23031 88358 22529 99316 22017 11297
24015 22264 23010 33221 00000 44201 03010 55195 03012 66187 01010
77182 00510 88166 03518 99156 01518 11110 07533
31313 09608 80024
61616 NA872 WX14E POTCYCLONE   OB 28
62626 SPL 1806N10807W 0041 AEV 33429 DLM WND 22020 003737 WL150 2
2023 080 REL 1799N10811W 002432 =
XXCC  8100/ 99180 71081 04788 88999 77999
31313 09608 80024
51515 10190 70875
61616 NA872 WX14E POTCYCLONE   OB 28
62626 SPL 1806N10807W 0041 AEV 33429 DLM WND 22020 003737 WL150 2
2023 080 REL 1799N10811W 002432 =
XXDD  8100/ 99180 71081 04788 11954 825// 22925 817// 33873 767//
44831 691// 55793 675// 66784 643// 77737 657//
21212 11993 09023 22957 09529 33918 07535 44867 09043 55805 14019
66794 13535 77737 12034
31313 09608 80024
51515 10190 70875
61616 NA872 WX14E POTCYCLONE   OB 28
62626 SPL 1806N10807W 0041 AEV 33429 DLM WND 22020 003737 WL150 2
2023 080 REL 1799N10811W 002432 =
NNNN
