UZPN13 KWBC 310810
XXAA  81081 99177 71175 04877 99009 26047 ///// 00078 25441 27008
92759 19406 28007 85489 19457 16501 70140 11049 24001 50587 06556
25008 40758 13399 24517 30972 27376 19001 25100 38164 11005 20249
50964 15515 15430 65368 11529 10665 791// 09527 88108 817// 06518
77999
31313 09608 80740
61616 NA872 WX14E POTCYCLONE   OB 57
62626 LST WND 014 MBL WND 27008 AEV 33419 DLM WND 21003 007666 WL
150 26508 088 REL 1770N11755W 074035 SPG 1772N11756W 075759 =
XXBB  81088 99177 71175 04877 00009 26047 11944 20604 22897 18837
33882 20462 44866 20863 55850 19457 66819 18659 77789 17056 88624
05427 99588 02240 11582 02060 22571 01462 33518 04161 44513 04557
55496 06950 66447 13157 77437 12176 88424 11799 99367 15999 11306
26199 22271 32968 33215 46960 44196 52165 55143 67167 66110 811//
77103 811//
21212 00009 ///// 11007 27009 22885 27508 33850 16501 44537 00000
55490 25010 66440 23530 77407 25520 88379 21514 99351 24010 11293
00000 22233 20502 33217 16010 44205 17013 55198 15016 66153 11534
77143 12515 88134 09507 99122 05010 11116 06513 22110 06016 33101
09028
31313 09608 80740
61616 NA872 WX14E POTCYCLONE   OB 57
62626 LST WND 014 MBL WND 27008 AEV 33419 DLM WND 21003 007666 WL
150 26508 088 REL 1770N11755W 074035 SPG 1772N11756W 075759 =
XXCC  81087 99177 71175 04877 70876 705// 09039 88999 77999
31313 09608 80740
51515 10190 50073
61616 NA872 WX14E POTCYCLONE   OB 57
62626 LST WND 014 MBL WND 27008 AEV 33419 DLM WND 21003 007666 WL
150 26508 088 REL 1770N11755W 074035 SPG 1772N11756W 075759 =
XXDD  8108/ 99177 71175 04877 11944 759// 22893 765// 33838 737//
44666 697//
21212 11937 12020 22838 10024 33810 11520 44790 09520 55760 07030
66710 09041 77666 09533
31313 09608 80740
51515 10190 50073
61616 NA872 WX14E POTCYCLONE   OB 57
62626 LST WND 014 MBL WND 27008 AEV 33419 DLM WND 21003 007666 WL
150 26508 088 REL 1770N11755W 074035 SPG 1772N11756W 075759 =
NNNN
