UZPN13 KWBC 311657 
XXAA  81151 99317 71244 12114 99013 18212 ///// 00112 17213 34521 
92785 22664 02530 85523 23483 35012 70172 10273 30004 50588 07181 
02026 40759 18168 02020 30967 35365 02514 25092 41576 01019 20241 
483// 01019 15426 595// 30012 10671 705// 03009 88107 711// 32507 
77999 
31313 09608 81448 
61616 NA872 WX14E POTCYCLONE   OB 90 
62626 LST WND 015 MBL WND 36024 AEV 33429 LAST REPORT DLM WND 015
16 011619 WL150 34019 089 REL 3171N12441W 144824 SPG 3164N12444W 
150634 = 
XXBB  81158 99317 71244 12114 00013 18212 11986 16416 22972 18259 
33965 20466 44959 22064 55946 22866 66931 22663 77915 23266 88903 
24085 99878 25690 11850 23483 22720 10661 33700 10273 44658 08285 
55502 06980 66474 08590 77416 16365 88389 19571 99344 26370 11296 
36166 22245 42377 33206 467// 44140 617// 55110 703// 
21212 00013 ///// 11011 33513 22003 34020 33982 35023 44960 02538 
55933 02532 66899 02020 77874 35010 88850 35012 99693 31503 11625 
02513 22561 01526 33466 02526 44429 01021 55366 02029 66351 03527 
77325 02514 88268 02523 99244 36018 11232 01018 22226 35520 33206 
02021 44168 32015 55160 33521 66156 33516 77151 30012 88145 30014 
99138 34513 11134 00513 22129 00514 33125 03013 44110 02004 55106 
32510 66101 01510 
31313 09608 81448 
61616 NA872 WX14E POTCYCLONE   OB 90 
62626 LST WND 015 MBL WND 36024 AEV 33429 LAST REPORT DLM WND 015
16 011619 WL150 34019 089 REL 3171N12441W 144824 SPG 3164N12444W 
150634 = 
XXCC  81157 99317 71244 12114 70889 665// 09520 88999 77999 
31313 09608 81448 
51515 10190 50089 
61616 NA872 WX14E POTCYCLONE   OB 90 
62626 LST WND 015 MBL WND 36024 AEV 33429 LAST REPORT DLM WND 015
16 011619 WL150 34019 089 REL 3171N12441W 144824 SPG 3164N12444W 
150634 = 
XXDD  8115/ 99317 71244 12114 11915 711// 22619 651// 
21212 11973 03010 22946 02514 33916 05512 44879 04004 55855 05511 
66817 04026 77755 11024 88736 11520 99719 10017 11690 10020 22663 
16035 33619 13011 
31313 09608 81448 
51515 10190 50089 
61616 NA872 WX14E POTCYCLONE   OB 90 
62626 LST WND 015 MBL WND 36024 AEV 33429 LAST REPORT DLM WND 015
16 011619 WL150 34019 089 REL 3171N12441W 144824 SPG 3164N12444W 
150634 = 
NNNN
