UZPN13 KWBC 310103
XXAA  81001 99174 71075 04777 99004 27829 22525 00034 27628 22524
92721 22009 22529 85457 19834 21535 70107 10007 20537 50584 03507
22033 40757 12714 22035 30971 26924 24521 25100 37338 30006 20250
49943 05023 15431 66562 02016 10665 813// 10522 88999 77999
31313 09608 80016
61616 NA872 WX14E POTCYCLONE   OB 27
62626 MBL WND 23024 AEV 33429 DLM WND 21522 003743 WL150 23023 08
0 REL 1739N10747W 001604 SPG 1746N10743W 003306 =
XXBB  81008 99174 71075 04777 00004 27829 11945 23002 22850 19834
33817 18858 44784 16856 55728 11610 66601 02404 77518 02105 88369
16517 99298 27323 11236 40540 22196 51143 33134 72166 44110 809//
55104 799//
21212 00004 22525 11975 23023 22879 21536 33850 21535 44789 20039
55469 22041 66383 22026 77353 25025 88285 24517 99262 30013 11252
29510 22248 33504 33226 04510 44202 05023 55149 02016 66136 01526
77117 05029 88110 04535
31313 09608 80016
61616 NA872 WX14E POTCYCLONE   OB 27
62626 MBL WND 23024 AEV 33429 DLM WND 21522 003743 WL150 23023 08
0 REL 1739N10747W 001604 SPG 1746N10743W 003306 =
XXCC  8100/ 99174 71075 04777 88999 77795 12063 448//
31313 09608 80016
51515 10190 70871
61616 NA872 WX14E POTCYCLONE   OB 27
62626 MBL WND 23024 AEV 33429 DLM WND 21522 003743 WL150 23023 08
0 REL 1739N10747W 001604 SPG 1746N10743W 003306 =
XXDD  8100/ 99174 71075 04777 11947 823// 22743 695//
21212 11999 10522 22960 09516 33903 07534 44795 12063 55743 11532
31313 09608 80016
51515 10190 70871
61616 NA872 WX14E POTCYCLONE   OB 27
62626 MBL WND 23024 AEV 33429 DLM WND 21522 003743 WL150 23023 08
0 REL 1739N10747W 001604 SPG 1746N10743W 003306 =
NNNN
