UZPN13 KWBC 302119
XXAA  80211 99193 71127 04892 99004 26830 31012 00036 26428 31013
92721 23044 33513 85457 20243 02510 70107 11650 03015 50584 04735
33016 40757 12750 12003 30970 26933 12013 25099 37140 13513 20249
50350 12519 15430 66764 14023 10669 783// 07532 88999 77999
31313 09608 82040
61616 NA872 WX14E POTCYCLONE   OB 09
62626 MBL WND 31014 AEV 33431 DLM WND 04507 003842 WL150 30514 08
1 REL 1928N11269W 204009 SPG 1926N11272W 205706 =
XXBB  80218 99193 71127 04892 00004 26830 11949 22613 22921 23047
33850 20243 44726 12027 55683 10856 66607 03821 77580 02256 88511
04120 99493 05350 11474 06916 22442 08556 33400 12750 44367 17522
55349 19931 66340 21556 77319 23919 88304 26331 99262 34342 11214
46345 22141 69567 33110 765// 44104 787//
21212 00004 31012 11996 30016 22950 31015 33937 31513 44929 33513
55918 33010 66877 36013 77850 02510 88790 02515 99752 05510 11712
05010 22687 02517 33633 02516 44607 35514 55561 03021 66529 00522
77499 33016 88466 35010 99451 32002 11336 03501 22319 12010 33316
12510 44244 13514 55231 15013 66210 12516 77158 14526 88132 13036
99126 12023 11110 09027
31313 09608 82040
61616 NA872 WX14E POTCYCLONE   OB 09
62626 MBL WND 31014 AEV 33431 DLM WND 04507 003842 WL150 30514 08
1 REL 1928N11269W 204009 SPG 1926N11272W 205706 =
XXCC  8021/ 99193 71127 04892 88999 77999
31313 09608 82040
51515 10190 70871
61616 NA872 WX14E POTCYCLONE   OB 09
62626 MBL WND 31014 AEV 33431 DLM WND 04507 003842 WL150 30514 08
1 REL 1928N11269W 204009 SPG 1926N11272W 205706 =
XXDD  8021/ 99193 71127 04892 11842 775//
21212 11930 07027 22912 05524 33896 35526 44842 07521
31313 09608 82040
51515 10190 70871
61616 NA872 WX14E POTCYCLONE   OB 09
62626 MBL WND 31014 AEV 33431 DLM WND 04507 003842 WL150 30514 08
1 REL 1928N11269W 204009 SPG 1926N11272W 205706 =
NNNN
