UZPN13 KWBC 301920
XXAA  80181 99284 71205 08580 99009 19020 ///// 00080 18016 35015
92753 27468 06505 85500 24264 10517 70162 10658 11515 50590 037//
14507 40763 125// 02015 30976 299// 03512 25103 395// 03005 20252
495// 34011 15434 645// 25503 10677 737// 08015 88999 77999
31313 09608 81829
61616 NA872 WX14E POTCYCLONE   OB 03
62626 LST WND 023 MBL WND 34514 AEV 33431 DLM WND 07506 007865 WL
150 35015 097 REL 2842N12054W 182916 SPG 2840N12056W 184639 =
XXBB  80188 99284 71205 08580 00009 19020 11964 16014 22959 16831
33950 24080 44947 25089 55934 26670 66911 28068 77850 24264 88788
19661 99701 10858 11683 08828 22671 08459 33646 06058 44634 06676
55619 06675 66528 00385 77478 059// 88458 059// 99381 147// 11202
491// 22129 709// 33110 741//
21212 00009 ///// 11007 36012 22004 35014 33959 34016 44955 35513
55950 02509 66939 36009 77929 03003 88918 07508 99899 12010 11850
10517 22804 12014 33688 11512 44674 12511 55623 10016 66602 11516
77577 10511 88557 11015 99538 15511 11521 14010 22418 01510 33399
02016 44390 00516 55346 04016 66325 03517 77316 02017 88302 04013
99292 02510 11225 01010 22210 34014 33110 33504 44107 36016 55104
03017
31313 09608 81829
61616 NA872 WX14E POTCYCLONE   OB 03
62626 LST WND 023 MBL WND 34514 AEV 33431 DLM WND 07506 007865 WL
150 35015 097 REL 2842N12054W 182916 SPG 2840N12056W 184639 =
XXCC  8018/ 99284 71205 08580 88999 77999
31313 09608 81829
51515 10190 70883
61616 NA872 WX14E POTCYCLONE   OB 03
62626 LST WND 023 MBL WND 34514 AEV 33431 DLM WND 07506 007865 WL
150 35015 097 REL 2842N12054W 182916 SPG 2840N12056W 184639 =
XXDD  8018/ 99284 71205 08580 11865 723//
21212 11979 09513 22968 09010 33946 03506 44937 35012 55922 33538
66865 03515
31313 09608 81829
51515 10190 70883
61616 NA872 WX14E POTCYCLONE   OB 03
62626 LST WND 023 MBL WND 34514 AEV 33431 DLM WND 07506 007865 WL
150 35015 097 REL 2842N12054W 182916 SPG 2840N12056W 184639 =
NNNN
