UZPN13 KWBC 310433
XXAA  81031 99184 71069 04786 99008 26032 21518 00071 27832 20017
92760 23023 20029 85496 19839 21544 70147 09404 20039 50588 03906
20537 40761 13116 21530 30975 27324 23515 25103 37925 16503 20253
51140 06507 15433 67763 02011 10666 801// 10531 88112 811// 04532
77999
31313 09608 80235
61616 NA872 WX14E POTCYCLONE   OB 40
62626 MBL WND 20520 AEV 33419 DLM WND 20524 007706 WL150 20518 08
6 REL 1841N10687W 023534 SPG 1850N10683W 025341 =
XXBB  81038 99184 71069 04786 00008 26032 11004 28034 22937 23416
33850 19839 44783 16640 55699 09404 66509 03105 77416 11113 88367
17120 99318 24120 11257 36123 22196 52143 33137 71966 44110 813//
55105 793//
21212 00008 21518 11000 20017 22895 20530 33850 21544 44754 19544
55632 21040 66578 20038 77350 22529 88329 22020 99277 24010 11256
15501 22222 11013 33215 09015 44206 05510 55191 05503 66182 01510
77162 06010 88151 03009 99149 01513 11131 00522 22122 02027 33117
05027 44110 04533 55101 10532
31313 09608 80235
61616 NA872 WX14E POTCYCLONE   OB 40
62626 MBL WND 20520 AEV 33419 DLM WND 20524 007706 WL150 20518 08
6 REL 1841N10687W 023534 SPG 1850N10683W 025341 =
XXCC  8103/ 99184 71069 04786 88999 77999
31313 09608 80235
51515 10190 70873
61616 NA872 WX14E POTCYCLONE   OB 40
62626 MBL WND 20520 AEV 33419 DLM WND 20524 007706 WL150 20518 08
6 REL 1841N10687W 023534 SPG 1850N10683W 025341 =
XXDD  8103/ 99184 71069 04786 11933 797// 22706 701//
21212 11970 10024 22916 08032 33874 09537 44796 12517 55781 11514
66768 06505 77763 33011 88757 31525 99706 06016
31313 09608 80235
51515 10190 70873
61616 NA872 WX14E POTCYCLONE   OB 40
62626 MBL WND 20520 AEV 33419 DLM WND 20524 007706 WL150 20518 08
6 REL 1841N10687W 023534 SPG 1850N10683W 025341 =
NNNN
