UZPN13 KWBC 310316
XXAA  81021 99211 71094 08319 99001 27810 07032 00008 27810 /////
92697 23004 07030 85434 19607 05023 70089 11204 06023 50583 02306
10025 40758 11715 11506 30973 26329 00000 25102 36730 07508 20252
49947 15509 15433 66766 15523 10667 815// 08526 88106 821// 09022
77999
31313 09608 80156
61616 NA872 WX14E POTCYCLONE   OB 36
62626 MBL WND 05526 AEV 33429 DLM WND 07516 000722 WL150 05525 08
3 REL 2111N10944W 015606 SPG 2110N10951W 021328 =
XXBB  81028 99211 71094 08319 00001 27810 11850 19607 22749 14429
33737 13605 44720 13012 55553 00403 66498 02306 77373 14516 88321
22522 99256 35129 11204 48745 22143 69167 33110 811// 44102 823//
21212 00001 07032 11993 03526 22990 05022 33963 05526 44952 06031
55930 07031 66860 05526 77853 05520 88850 05023 99745 04024 11617
09515 22547 08019 33458 10024 44445 09519 55419 12510 66413 11005
77234 00000 88198 16010 99190 15010 11187 12513 22183 13512 33167
12016 44148 16023 55139 16524 66122 11522 77110 10026 88103 07022
31313 09608 80156
61616 NA872 WX14E POTCYCLONE   OB 36
62626 MBL WND 05526 AEV 33429 DLM WND 07516 000722 WL150 05525 08
3 REL 2111N10944W 015606 SPG 2110N10951W 021328 =
XXCC  8102/ 99211 71094 08319 88999 77999
31313 09608 80156
51515 10190 70873
61616 NA872 WX14E POTCYCLONE   OB 36
62626 MBL WND 05526 AEV 33429 DLM WND 07516 000722 WL150 05525 08
3 REL 2111N10944W 015606 SPG 2110N10951W 021328 =
XXDD  8102/ 99211 71094 08319 11953 799// 22921 769// 33722 721//
21212 11974 09522 22955 09021 33933 07028 44878 09038 55814 11530
66795 12012 77790 17003 88786 27513 99775 28048 11722 22006
31313 09608 80156
51515 10190 70873
61616 NA872 WX14E POTCYCLONE   OB 36
62626 MBL WND 05526 AEV 33429 DLM WND 07516 000722 WL150 05525 08
3 REL 2111N10944W 015606 SPG 2110N10951W 021328 =
NNNN
