UZPN13 KWBC 302308
XXAA  80231 99223 71131 08423 99002 25418 ///// 00020 25217 /////
92708 25858 05011 85448 20642 04512 70103 11250 04023 50583 03756
08012 40757 13556 10011 30970 26560 18016 25099 37163 20513 20249
50150 19524 15430 66360 17017 10667 767// 12526 88111 777// 11524
77999
31313 09608 82243
61616 NA872 WX14E POTCYCLONE   OB 20
62626 LST WND 450 AEV 33431 DLM WND 07008 952780 WL150 02008 524
 REL 2229N11306W 224305 SPG 2228N11309W 225900 =
XXBB  80238 99223 71131 08423 00002 25418 11982 23811 22973 26061
33963 26861 44918 25459 55850 20642 66836 19643 77817 19861 88793
17457 99730 14058 11674 09042 22640 06258 33617 04250 44602 03659
55568 00434 66560 00656 77533 01146 88520 01757 99457 07930 11445
08158 22424 10959 33410 12748 44380 16730 55370 17560 66353 19170
77340 20163 88335 20771 99325 22176 11301 26359 22286 28768 33236
40764 44225 43750 55213 46347 66187 53356 77151 66160 88127 71964
99116 76565 11110 779// 22102 761//
21212 00002 ///// 11952 01008 22924 05511 33900 04013 44878 03014
55850 04512 66827 02012 77763 07025 88718 04525 99673 02517 11637
04019 22558 36016 33527 04009 44518 07013 55499 08012 66488 07011
77453 07023 88414 07011 99399 10010 11382 17004 22285 17514 33269
20012 44240 21515 55198 19024 66163 16018 77148 17014 88146 16010
99143 11505 11137 07011 22131 07514 33123 11028 44110 12023 55105
11526
31313 09608 82243
61616 NA872 WX14E POTCYCLONE   OB 20
62626 LST WND 450 AEV 33431 DLM WND 07008 952780 WL150 02008 524
 REL 2229N11306W 224305 SPG 2228N11309W 225900 =
XXCC  8023/ 99223 71131 08423 88999 77999
31313 09608 82243
51515 10190 70874
61616 NA872 WX14E POTCYCLONE   OB 20
62626 LST WND 450 AEV 33431 DLM WND 07008 952780 WL150 02008 524
 REL 2229N11306W 224305 SPG 2228N11309W 225900 =
XXDD  8023/ 99223 71131 08423 11914 803// 22892 775// 33857 773//
44826 737// 55780 721//
21212 11952 13528 22885 12029 33842 11016 44831 06011 55826 03013
66825 01019 77780 07514
31313 09608 82243
51515 10190 70874
61616 NA872 WX14E POTCYCLONE   OB 20
62626 LST WND 450 AEV 33431 DLM WND 07008 952780 WL150 02008 524
 REL 2229N11306W 224305 SPG 2228N11309W 225900 =
NNNN
