UZPN13 KWBC 310704
XXAA  81071 99177 71111 04871 99006 27827 24515 00050 27419 26016
92738 22623 26020 85472 18821 26016 70121 11027 29010 50585 03528
27011 40758 13709 25011 30972 27550 20506 25100 38533 12006 20249
51531 07014 15429 67561 06531 10663 763// 10032 88115 803// 07038
77999
31313 09608 80639
61616 NA872 WX14E POTCYCLONE   OB 55
62626 MBL WND 26016 AEV 33419 DLM WND 28005 005684 WL150 26016 08
0 REL 1770N11114W 063958 SPG 1770N11115W 065747 =
XXBB  81078 99177 71111 04871 00006 27827 11942 23010 22850 18821
33789 16025 44750 13856 55723 12018 66687 10450 77629 04806 88589
01804 99569 01446 11519 02903 22488 04139 33395 14507 44357 18725
55342 21119 66308 26156 77244 39934 88189 54938 99132 73965 11115
801// 22110 789// 33105 793//
21212 00006 24515 11000 26016 22931 26021 33850 26016 44788 24514
55753 29511 66725 26511 77694 30012 88653 32018 99636 31515 11618
28510 22585 31014 33577 29515 44561 31018 55527 31512 66498 27011
77463 28513 88384 23511 99353 25510 11286 18502 22206 06513 33169
09524 44148 06533 55133 06040 66114 07038 77110 09535
31313 09608 80639
61616 NA872 WX14E POTCYCLONE   OB 55
62626 MBL WND 26016 AEV 33419 DLM WND 28005 005684 WL150 26016 08
0 REL 1770N11114W 063958 SPG 1770N11115W 065747 =
XXCC  81077 99177 71111 04871 70874 687// 09051 88999 77732 09068
449//
31313 09608 80639
51515 10190 50074
61616 NA872 WX14E POTCYCLONE   OB 55
62626 MBL WND 26016 AEV 33419 DLM WND 28005 005684 WL150 26016 08
0 REL 1770N11114W 063958 SPG 1770N11115W 065747 =
XXDD  8107/ 99177 71111 04871 11980 753// 22864 745// 33684 681//
21212 11982 09531 22934 11518 33894 10528 44863 12528 55810 11521
66756 09037 77732 09068 88684 09042
31313 09608 80639
51515 10190 50074
61616 NA872 WX14E POTCYCLONE   OB 55
62626 MBL WND 26016 AEV 33419 DLM WND 28005 005684 WL150 26016 08
0 REL 1770N11114W 063958 SPG 1770N11115W 065747 =
NNNN
