UZPN13 KWBC 310819
XXAA  81081 99177 71188 04878 99009 26242 22002 00081 25437 25502
92762 19812 26007 85492 20465 23505 70144 11457 31503 50587 07340
25013 40758 137// 23015 30972 279// 26514 25100 37973 20505 20249
51363 15016 15430 65766 12512 10665 755// 10519 88111 809// 08520
77999
31313 09608 80752
61616 NA872 WX14E POTCYCLONE   OB 58
62626 MBL WND 25503 AEV 33419 DLM WND 22004 009661 WL150 25002 08
0 REL 1770N11881W 075227 SPG 1772N11880W 081023 =
XXBB  81088 99177 71188 04878 00009 26242 11946 20800 22895 18221
33887 18850 44880 20266 55867 21268 66850 20465 77809 18262 88803
17657 99735 14258 11663 08656 22645 07460 33639 06856 44629 06259
55619 05257 66602 05067 77522 04362 88495 08136 99475 09745 11467
10559 22449 13358 33438 11391 44433 109// 55371 157// 66283 30582
77255 36575 88213 48360 99172 59767 11162 61367 22136 71566 33110
813// 44105 801//
21212 00009 22002 11889 25510 22884 27011 33868 25011 44850 23505
55565 00502 66508 24510 77490 25514 88470 23521 99443 24024 11419
25022 22398 23014 33369 26012 44320 25013 55285 28013 66261 22502
77215 17508 88208 17511 99197 14518 11168 12534 22162 14021 33147
12011 44140 13510 55131 35501 66116 07510 77110 08523 88101 10522
31313 09608 80752
61616 NA872 WX14E POTCYCLONE   OB 58
62626 MBL WND 25503 AEV 33419 DLM WND 22004 009661 WL150 25002 08
0 REL 1770N11881W 075227 SPG 1772N11880W 081023 =
XXCC  81087 99177 71188 04878 70875 711// 09046 88999 77999
31313 09608 80752
51515 10190 50072
61616 NA872 WX14E POTCYCLONE   OB 58
62626 MBL WND 25503 AEV 33419 DLM WND 22004 009661 WL150 25002 08
0 REL 1770N11881W 075227 SPG 1772N11880W 081023 =
XXDD  8108/ 99177 71188 04878 11997 753// 22888 767// 33661 701//
21212 11951 09515 22913 11519 33868 11024 44847 08525 55806 12024
66779 10524 77759 08529 88730 08532 99711 09050 11661 10530
31313 09608 80752
51515 10190 50072
61616 NA872 WX14E POTCYCLONE   OB 58
62626 MBL WND 25503 AEV 33419 DLM WND 22004 009661 WL150 25002 08
0 REL 1770N11881W 075227 SPG 1772N11880W 081023 =
NNNN
