UZPN13 KWBC 310357
XXAA  81021 99207 71089 08308 99998 27611 05002 00515 ///// /////
92675 22800 21509 85412 19800 23505 70070 12624 34507 50582 01920
11509 40757 11517 08503 30972 25731 23002 25102 35738 15008 20252
49143 15012 15434 65961 14007 10668 829// 09533 88104 837// 12026
77999
31313 09608 80203
61616 NA872 WX14E POTCYCLONE   OB 37
62626 SPL 2072N10892W 0220 MBL WND 10001 AEV 33429 DLM WND 10502
 997725 WL150 07002 086 REL 2071N10891W 020303 =
XXBB  81028 99207 71089 08308 00998 27611 11892 20600 22850 19800
33644 09447 44557 01803 55474 03524 66367 15322 77310 23730 88245
36938 99190 52347 11134 72166 22110 817// 33103 837//
21212 00998 05002 11945 20002 22919 21510 33850 23505 44790 00510
55712 34513 66475 10510 77288 19001 88236 14011 99226 10511 11211
11511 22204 14511 33195 15512 44161 11010 55149 15507 66140 15010
77120 18016 88110 15025 99101 09531
31313 09608 80203
61616 NA872 WX14E POTCYCLONE   OB 37
62626 SPL 2072N10892W 0220 MBL WND 10001 AEV 33429 DLM WND 10502
 997725 WL150 07002 086 REL 2071N10891W 020303 =
XXCC  8102/ 99207 71089 08308 88999 77778 31093 499//
31313 09608 80203
51515 10190 70873
61616 NA872 WX14E POTCYCLONE   OB 37
62626 SPL 2072N10892W 0220 MBL WND 10001 AEV 33429 DLM WND 10502
 997725 WL150 07002 086 REL 2071N10891W 020303 =
XXDD  8102/ 99207 71089 08308 11949 809// 22924 783// 33725 725//
21212 11934 08023 22871 08040 33807 10514 44805 10011 55799 03004
66795 33010 77791 31527 88778 31093 99725 26010
31313 09608 80203
51515 10190 70873
61616 NA872 WX14E POTCYCLONE   OB 37
62626 SPL 2072N10892W 0220 MBL WND 10001 AEV 33429 DLM WND 10502
 997725 WL150 07002 086 REL 2071N10891W 020303 =
NNNN
