UZPN13 KWBC 310149
XXAA  81011 99215 71115 08411 99005 28226 04512 00043 28029 03513
92731 22408 04520 85465 18205 04526 70116 11646 01530 50585 03308
05017 40759 13526 35512 30973 27332 08512 25101 37743 07015 20251
50344 12010 15432 66162 12526 10667 795// 09027 88107 805// 10030
77999
31313 09608 80111
61616 NA872 WX14E POTCYCLONE   OB 32
62626 SPL 2142N11157W 0129 MBL WND 03515 AEV 33429 DLM WND 05017
 004721 WL150 03513 082 REL 2146N11150W 011150 =
XXBB  81018 99215 71115 08411 00005 28226 11850 18205 22724 13850
33678 09850 44645 06411 55536 00315 66453 08114 77438 07756 88399
13726 99377 15324 11313 25132 22238 40150 33201 50143 44164 61358
55134 72366 66110 801// 77104 809//
21212 00005 04512 11998 03013 22850 04526 33769 04029 44688 01529
55452 05521 66423 04515 77398 35014 88393 32010 99380 34004 11362
07010 22318 07514 33292 09515 44278 08021 55264 09016 66243 05516
77214 11506 88187 13010 99169 15521 11147 12026 22125 13532 33116
09521 44110 10029 55104 10034 66101 08528
31313 09608 80111
61616 NA872 WX14E POTCYCLONE   OB 32
62626 SPL 2142N11157W 0129 MBL WND 03515 AEV 33429 DLM WND 05017
 004721 WL150 03513 082 REL 2146N11150W 011150 =
XXCC  8101/ 99215 71115 08411 88999 77999
31313 09608 80111
51515 10190 70877
61616 NA872 WX14E POTCYCLONE   OB 32
62626 SPL 2142N11157W 0129 MBL WND 03515 AEV 33429 DLM WND 05017
 004721 WL150 03513 082 REL 2146N11150W 011150 =
XXDD  8101/ 99215 71115 08411 11939 781// 22721 655//
21212 11980 10021 22944 07020 33907 09027 44876 08027 55830 12519
66806 12516 77770 13557 88721 10523
31313 09608 80111
51515 10190 70877
61616 NA872 WX14E POTCYCLONE   OB 32
62626 SPL 2142N11157W 0129 MBL WND 03515 AEV 33429 DLM WND 05017
 004721 WL150 03513 082 REL 2146N11150W 011150 =
NNNN
