UZPN13 KWBC 302236
XXAA  80221 99197 71122 04892 99002 26637 29013 00020 26636 28513
92706 23658 33515 85442 19018 00518 70093 10644 02517 50583 04117
02016 40756 12721 04002 30970 26550 04009 25099 36950 09507 20249
49948 12020 15430 66162 13027 10666 799// 08529 88999 77999
31313 09608 82201
61616 NA872 WX14E POTCYCLONE   OB 16
62626 SPL 1966N11225W 2217 AEV 33431 DLM WND 03510 002794 WL150 3
0015 081 REL 1969N11221W 220106 =
XXBB  80228 99197 71122 04892 00002 26637 11957 23433 22944 24261
33933 23857 44909 23658 55850 19018 66747 14450 77707 11250 88651
06605 99621 05848 11594 03237 22576 02459 33559 01045 44436 10103
55392 13134 66348 19717 77309 24950 88266 33724 99246 37757 11232
41358 22215 45739 33198 50550 44131 73166 55125 74566 66123 73368
77116 75567 88110 771//
21212 00002 29013 11990 30516 22957 30516 33942 33015 44900 00519
55850 00518 66832 00514 77809 03510 88779 03018 99756 01017 11665
03013 22629 01020 33562 01519 44530 35519 55475 03514 66445 34510
77374 05011 88307 04010 99260 07010 11240 10005 22224 13510 33181
12518 44167 10518 55137 14029 66110 09036 77101 08030
31313 09608 82201
61616 NA872 WX14E POTCYCLONE   OB 16
62626 SPL 1966N11225W 2217 AEV 33431 DLM WND 03510 002794 WL150 3
0015 081 REL 1969N11221W 220106 =
XXCC  8022/ 99197 71122 04892 88999 77999
31313 09608 82201
51515 10190 70875
61616 NA872 WX14E POTCYCLONE   OB 16
62626 SPL 1966N11225W 2217 AEV 33431 DLM WND 03510 002794 WL150 3
0015 081 REL 1969N11221W 220106 =
XXDD  8022/ 99197 71122 04892 11000 799// 22913 801// 33865 765//
44843 709// 55794 669//
21212 11968 10522 22938 09515 33875 07532 44857 09538 55794 12040
31313 09608 82201
51515 10190 70875
61616 NA872 WX14E POTCYCLONE   OB 16
62626 SPL 1966N11225W 2217 AEV 33431 DLM WND 03510 002794 WL150 3
0015 081 REL 1969N11221W 220106 =
NNNN
