UZPN13 KWBC 310211
XXAA  81021 99217 71102 08410 99003 27415 05018 00023 27227 05019
92712 23220 07026 85448 19003 05524 70101 10600 04525 50585 02311
05025 40759 12117 04520 30973 26532 02510 25102 36729 08520 20252
50138 09515 15433 65962 15024 10669 803// 08522 88105 811// 09527
77999
31313 09608 80145
61616 NA872 WX14E POTCYCLONE   OB 35
62626 SPL 2167N11031W 0202 MBL WND 06025 AEV 33429 DLM WND 06021
 002723 WL150 05522 083 REL 2171N11023W 014535 =
XXBB  81028 99217 71102 08410 00003 27415 11992 27236 22850 19003
33790 17223 44702 10800 55538 01014 66381 14318 77326 21922 88252
36129 99197 50938 11181 55556 22132 72366 33110 793// 44102 813//
21212 00003 05018 11976 06027 22910 07026 33850 05524 44713 04026
55552 06531 66489 04522 77395 04520 88341 01520 99302 02010 11284
04007 22278 06011 33264 08014 44200 09515 55189 11014 66178 15016
77135 15527 88118 09516 99110 09527
31313 09608 80145
61616 NA872 WX14E POTCYCLONE   OB 35
62626 SPL 2167N11031W 0202 MBL WND 06025 AEV 33429 DLM WND 06021
 002723 WL150 05522 083 REL 2171N11023W 014535 =
XXCC  8102/ 99217 71102 08410 88999 77999
31313 09608 80145
51515 10190 70875
61616 NA872 WX14E POTCYCLONE   OB 35
62626 SPL 2167N11031W 0202 MBL WND 06025 AEV 33429 DLM WND 06021
 002723 WL150 05522 083 REL 2171N11023W 014535 =
XXDD  8102/ 99217 71102 08410 11930 787// 22908 765// 33723 721//
21212 11956 09015 22932 06520 33854 08031 44814 10523 55787 09517
66778 08010 77723 11005
31313 09608 80145
51515 10190 70875
61616 NA872 WX14E POTCYCLONE   OB 35
62626 SPL 2167N11031W 0202 MBL WND 06025 AEV 33429 DLM WND 06021
 002723 WL150 05522 083 REL 2171N11023W 014535 =
NNNN
