UZPN13 KWBC 310153
XXAA  81011 99224 71119 08421 99004 26818 ///// 00034 26617 34513
92724 24656 08518 85463 21056 05021 70117 11256 03026 50585 03909
06516 40759 12950 06515 30972 26934 19005 25101 37163 18502 20251
50347 15513 15432 65561 14529 10668 785// 11523 88105 791// 11033
77999
31313 09608 80125
61616 NA872 WX14E POTCYCLONE   OB 33
62626 LST WND 016 MBL WND 03510 AEV 33429 DLM WND 06514 002720 WL
150 35012 090 REL 2237N11187W 012551 SPG 2236N11193W 014337 =
XXBB  81018 99224 71119 08421 00004 26818 11988 26019 22982 26856
33972 26839 44850 21056 55793 16843 66751 15259 77716 12027 88697
11057 99661 09450 11590 02602 22488 05505 33475 05550 44464 06526
55456 06936 66407 12533 77390 14357 88360 18532 99354 19150 11339
20525 22286 29740 33268 32958 44248 37763 55239 39743 66235 40949
77216 46136 88199 50549 99191 52759 11168 59559 22129 73765 33110
777// 44102 795//
21212 00004 ///// 11002 34013 22987 35512 33980 02509 44973 05511
55964 06513 66931 08516 77911 08022 88850 05021 99748 05530 11707
03025 22669 05027 33640 04023 44583 05519 55558 04017 66497 06517
77410 06523 88381 04010 99354 32502 11247 20501 22205 17011 33196
14014 44185 16013 55177 15515 66169 13017 77145 14531 88127 13522
99122 11515 11110 12026 22107 10531 33102 11532
31313 09608 80125
61616 NA872 WX14E POTCYCLONE   OB 33
62626 LST WND 016 MBL WND 03510 AEV 33429 DLM WND 06514 002720 WL
150 35012 090 REL 2237N11187W 012551 SPG 2236N11193W 014337 =
XXCC  8101/ 99224 71119 08421 88999 77999
31313 09608 80125
51515 10190 70877
61616 NA872 WX14E POTCYCLONE   OB 33
62626 LST WND 016 MBL WND 03510 AEV 33429 DLM WND 06514 002720 WL
150 35012 090 REL 2237N11187W 012551 SPG 2236N11193W 014337 =
XXDD  8101/ 99224 71119 08421 11933 771// 22720 677//
21212 11970 10013 22910 10521 33882 08018 44846 08525 55799 10011
66788 22501 77784 26510 88772 27043 99720 10516
31313 09608 80125
51515 10190 70877
61616 NA872 WX14E POTCYCLONE   OB 33
62626 LST WND 016 MBL WND 03510 AEV 33429 DLM WND 06514 002720 WL
150 35012 090 REL 2237N11187W 012551 SPG 2236N11193W 014337 =
NNNN
