UZPN13 KWBC 310518
XXAA  81041 99224 71100 08320 99004 25804 05521 00037 25603 06022
92724 22400 08035 85458 18800 07036 70111 11600 05030 50586 02305
07034 40761 12509 06034 30975 26935 05517 25104 37356 08014 20253
50349 12013 15434 66364 17016 10669 801// 08519 88105 815// 10526
77999
31313 09608 80412
61616 NA872 WX14E POTCYCLONE   OB 46
62626 SPL 2234N11010W 0429 MBL WND 07532 AEV 33419 DLM WND 07025
 003699 WL150 06524 081 REL 2237N10999W 041203 =
XXBB  81048 99224 71100 08320 00004 25804 11850 18800 22573 04200
33563 02001 44460 05706 55360 16726 66324 23116 77298 27534 88275
32120 99247 37956 11233 41738 22183 55157 33137 70766 44122 769//
55110 797// 66102 811//
21212 00004 05521 11964 08038 22893 07531 33869 07537 44850 07036
55745 05030 66626 06518 77571 06029 88527 08032 99408 06032 11374
08034 22327 07518 33291 04517 44259 06010 55247 08515 66200 12013
77171 15514 88168 18016 99154 17015 11145 18017 22142 14019 33139
16517 44136 13515 55133 14513 66122 11512 77115 09019 88110 10026
99103 10524 11100 08519
31313 09608 80412
61616 NA872 WX14E POTCYCLONE   OB 46
62626 SPL 2234N11010W 0429 MBL WND 07532 AEV 33419 DLM WND 07025
 003699 WL150 06524 081 REL 2237N10999W 041203 =
XXCC  81047 99224 71100 08320 70877 725// 26504 88999 77999
31313 09608 80412
51515 10190 50075
61616 NA872 WX14E POTCYCLONE   OB 46
62626 SPL 2234N11010W 0429 MBL WND 07532 AEV 33419 DLM WND 07025
 003699 WL150 06524 081 REL 2237N10999W 041203 =
XXDD  8104/ 99224 71100 08320 11952 781// 22885 717// 33699 725//
21212 11960 06024 22898 06535 33801 12524 44780 15516 55768 19012
66758 23014 77747 25523 88699 26503
31313 09608 80412
51515 10190 50075
61616 NA872 WX14E POTCYCLONE   OB 46
62626 SPL 2234N11010W 0429 MBL WND 07532 AEV 33419 DLM WND 07025
 003699 WL150 06524 081 REL 2237N10999W 041203 =
NNNN
