UZPN13 KWBC 310500
XXAA  81041 99199 71076 04797 99006 25809 20030 00055 25211 20032
92739 22611 20038 85473 18411 19043 70118 10404 19543 50585 01905
20541 40760 11517 21534 30974 26129 21520 25103 36733 21515 20254
50143 13006 15434 67563 04015 10667 801// 08035 88107 825// 06033
77999
31313 09608 80334
61616 NA872 WX14E POTCYCLONE   OB 44
62626 MBL WND 20535 AEV 33419 DLM WND 19527 005704 WL150 20033 08
1 REL 1988N10758W 033410 SPG 1999N10756W 035158 =
XXBB  81048 99199 71076 04797 00006 25809 11850 18411 22713 11402
33566 00402 44518 00704 55395 12117 66306 25128 77244 38133 88194
51949 99138 72366 11110 815// 22104 829//
21212 00006 20030 11966 20039 22937 20036 33850 19043 44696 19542
55601 18037 66573 19030 77553 21033 88527 21045 99425 20534 11358
22527 22323 20527 33268 22515 44239 21010 55226 18502 66191 05510
77187 07011 88138 03512 99132 36017 11125 35518 22110 06535
31313 09608 80334
61616 NA872 WX14E POTCYCLONE   OB 44
62626 MBL WND 20535 AEV 33419 DLM WND 19527 005704 WL150 20033 08
1 REL 1988N10758W 033410 SPG 1999N10756W 035158 =
XXCC  8104/ 99199 71076 04797 88999 77999
31313 09608 80334
51515 10190 70875
61616 NA872 WX14E POTCYCLONE   OB 44
62626 MBL WND 20535 AEV 33419 DLM WND 19527 005704 WL150 20033 08
1 REL 1988N10758W 033410 SPG 1999N10756W 035158 =
XXDD  8104/ 99199 71076 04797 11919 769// 22889 739// 33704 715//
21212 11984 08533 22954 06533 33925 08539 44828 11022 55781 14015
66767 14025 77753 13060 88704 12021
31313 09608 80334
51515 10190 70875
61616 NA872 WX14E POTCYCLONE   OB 44
62626 MBL WND 20535 AEV 33419 DLM WND 19527 005704 WL150 20033 08
1 REL 1988N10758W 033410 SPG 1999N10756W 035158 =
NNNN
