UZPN13 KWBC 311523
XXAA  81121 99260 71228 08562 99011 20231 ///// 00096 19224 /////
92763 24888 07005 85501 21664 00000 70152 11064 15506 50588 04967
22504 40760 14586 34013 30971 299// 33019 25099 38979 33514 20248
51172 31009 15429 65368 09003 10669 737// 04506 88118 737// 15512
77999
31313 09608 81228
61616 NA872 WX14E POTCYCLONE   OB 78
62626 LST WND 132 MBL WND 35011 AEV 33429 DLM WND 00504 996617 WL
150 35011 206 REL 2598N12279W 122819 SPG 2597N12279W 124629 =
XXBB  81128 99260 71228 08562 00011 20231 11941 15211 22936 16029
33929 23471 44927 24286 55923 25081 66918 25068 77908 25678 88850
21664 99843 21468 11772 15859 22741 14063 33710 11058 44696 11071
55687 10473 66619 03670 77605 04285 88565 03292 99462 09765 11451
10180 22436 10192 33386 15788 44327 25385 55276 34581 66231 42777
77180 55771 88145 66968 99127 721// 11110 737// 22104 727//
21212 00011 ///// 11996 35011 22936 35511 33933 36010 44927 05005
55906 08502 66850 00000 77759 10010 88746 12511 99477 17012 11461
16010 22451 13003 33435 01510 44431 01012 55417 01011 66399 34013
77365 35010 88331 33020 99302 33019 11272 35010 22258 32510 33233
35012 44219 33012 55215 34515 66211 32010 77177 32010 88160 34001
99118 15511 11110 16511
31313 09608 81228
61616 NA872 WX14E POTCYCLONE   OB 78
62626 LST WND 132 MBL WND 35011 AEV 33429 DLM WND 00504 996617 WL
150 35011 206 REL 2598N12279W 122819 SPG 2597N12279W 124629 =
XXCC  81127 99260 71228 08562 70884 699// 10020 88967 743// 02513
77999
31313 09608 81228
51515 10190 50079
61616 NA872 WX14E POTCYCLONE   OB 78
62626 LST WND 132 MBL WND 35011 AEV 33429 DLM WND 00504 996617 WL
150 35011 206 REL 2598N12279W 122819 SPG 2597N12279W 124629 =
XXDD  8112/ 99260 71228 08562 11907 747// 22617 685//
21212 11974 02510 22950 03516 33918 07511 44900 05009 55885 02514
66851 04528 77817 05518 88816 06519 99783 09024 11723 07528 22706
09022 33694 11519 44668 16543 55617 11530
31313 09608 81228
51515 10190 50079
61616 NA872 WX14E POTCYCLONE   OB 78
62626 LST WND 132 MBL WND 35011 AEV 33429 DLM WND 00504 996617 WL
150 35011 206 REL 2598N12279W 122819 SPG 2597N12279W 124629 =
NNNN
