UZPN13 KWBC 302124
XXAA  80211 99185 71120 04882 99005 27438 ///// 00042 27036 29513
92728 21611 30012 85462 19025 34507 70108 11047 03513 50584 03908
31511 40758 13121 31508 30971 26933 09006 25100 36941 17509 20251
49950 15014 15432 66561 11017 10668 759// 07517 88123 767// 12029
77999
31313 09608 82051
61616 NA872 WX14E POTCYCLONE   OB 10
62626 LST WND 016 AEV 33431 DLM WND 01006 003837 WL150 29514 091
 REL 1848N11199W 205147 SPG 1846N11200W 210808 =
XXBB  80218 99185 71120 04882 00005 27438 11927 21810 22891 21642
33850 19025 44731 11206 55713 11648 66694 10649 77616 04616 88536
00528 99506 03506 11485 05308 22478 05534 33442 08912 44430 09337
55364 17123 66290 28735 77239 39545 88179 56356 99125 75966 11122
769// 22114 747// 33110 755// 44104 769// 55100 759//
21212 00005 ///// 11003 29513 22960 29514 33906 29511 44850 34507
55810 01011 66784 34010 77730 35507 88709 04513 99694 02513 11673
03513 22593 01029 33550 35023 44516 31013 55490 31510 66333 00000
77192 15014 88156 12020 99148 10016 11142 09020 22123 12029 33118
10538 44110 10514 55102 06515
31313 09608 82051
61616 NA872 WX14E POTCYCLONE   OB 10
62626 LST WND 016 AEV 33431 DLM WND 01006 003837 WL150 29514 091
 REL 1848N11199W 205147 SPG 1846N11200W 210808 =
XXCC  8021/ 99185 71120 04882 88999 77999
31313 09608 82051
51515 10190 70873
61616 NA872 WX14E POTCYCLONE   OB 10
62626 LST WND 016 AEV 33431 DLM WND 01006 003837 WL150 29514 091
 REL 1848N11199W 205147 SPG 1846N11200W 210808 =
XXDD  8021/ 99185 71120 04882 11954 777// 22891 763// 33877 717//
44837 775//
21212 11958 09521 22903 08523 33890 07023 44880 03022 55837 06028
31313 09608 82051
51515 10190 70873
61616 NA872 WX14E POTCYCLONE   OB 10
62626 LST WND 016 AEV 33431 DLM WND 01006 003837 WL150 29514 091
 REL 1848N11199W 205147 SPG 1846N11200W 210808 =
NNNN
