UZPN13 KWBC 310733
XXAA  81071 99177 71135 04873 99008 27834 ///// 00071 27229 29011
92756 21404 26012 85489 19024 28007 70139 11456 30504 50587 05518
29011 40759 12976 26004 30972 28335 00503 25100 38737 13004 20249
51758 09013 15429 67764 09530 10664 807// 05016 88103 803// 07513
77999
31313 09608 80702
61616 NA872 WX14E POTCYCLONE   OB 56
62626 LST WND 030 MBL WND 29011 AEV 33419 DLM WND 34502 005659 WL
150 29011 104 REL 1770N11350W 070223 SPG 1770N11352W 072023 =
XXBB  81078 99177 71135 04873 00008 27834 11897 19400 22874 20041
33850 19024 44704 11656 55621 04617 66534 02339 77524 03513 88490
06710 99480 07531 11478 07735 22473 07763 33467 07578 44447 07779
55437 08769 66408 11775 77391 14175 88380 15556 99354 19534 11278
32342 22257 37127 33222 45557 44141 70766 55125 757// 66110 771//
77101 811//
21212 00008 ///// 11005 28012 22963 29011 33910 25513 44870 27007
55850 28007 66615 34012 77581 33510 88567 32010 99522 33013 11507
29513 22477 29006 33455 25518 44393 25504 55225 13504 66198 09016
77183 10519 88167 08524 99124 09548 11117 10527 22110 09017 33104
08013 44101 05513
31313 09608 80702
61616 NA872 WX14E POTCYCLONE   OB 56
62626 LST WND 030 MBL WND 29011 AEV 33419 DLM WND 34502 005659 WL
150 29011 104 REL 1770N11350W 070223 SPG 1770N11352W 072023 =
XXCC  81077 99177 71135 04873 70877 713// 10068 88999 77712 10578
459//
31313 09608 80702
51515 10190 50072
61616 NA872 WX14E POTCYCLONE   OB 56
62626 LST WND 030 MBL WND 29011 AEV 33419 DLM WND 34502 005659 WL
150 29011 104 REL 1770N11350W 070223 SPG 1770N11352W 072023 =
XXDD  8107/ 99177 71135 04873 11929 739// 22659 709//
21212 11997 05517 22966 09025 33919 11035 44873 08531 55852 11526
66822 12020 77761 08519 88731 08533 99712 10578 11659 09532
31313 09608 80702
51515 10190 50072
61616 NA872 WX14E POTCYCLONE   OB 56
62626 LST WND 030 MBL WND 29011 AEV 33419 DLM WND 34502 005659 WL
150 29011 104 REL 1770N11350W 070223 SPG 1770N11352W 072023 =
NNNN
