UZPN13 KWBC 310442
XXAA  81031 99182 71058 04785 99010 28841 ///// 00093 28037 19024
92781 22811 21025 85517 19015 21034 70162 09620 18034 50588 04910
21036 40761 13719 21524 30974 27735 26507 25103 38139 09502 20252
51748 05007 15432 66763 01533 10667 799// 09520 88105 793// 08026
77999
31313 09608 80309
61616 NA872 WX14E POTCYCLONE   OB 42
62626 LST WND 018 MBL WND 19524 AEV 33419 DLM WND 20019 008714 WL
150 19024 093 REL 1816N10579W 030947 SPG 1823N10577W 032753 =
XXBB  81038 99182 71058 04785 00010 28841 11937 23007 22890 21836
33850 19015 44792 15615 55768 14660 66754 13256 77730 11257 88717
10621 99688 08821 11665 06421 22657 05650 33643 03019 44630 04003
55600 03001 66541 01104 77471 06511 88353 19123 99299 27935 11248
38540 22194 53549 33163 62961 44132 73765 55110 787//
21212 00010 ///// 11008 18524 22918 21524 33850 21034 44720 18034
55644 18533 66549 21037 77458 21034 88430 22524 99401 21524 11366
25022 22350 24017 33330 26510 44279 24012 55266 25510 66254 18502
77177 06012 88147 01533 99134 01533 11124 03540 22117 03033 33110
06031 44102 09523
31313 09608 80309
61616 NA872 WX14E POTCYCLONE   OB 42
62626 LST WND 018 MBL WND 19524 AEV 33419 DLM WND 20019 008714 WL
150 19024 093 REL 1816N10579W 030947 SPG 1823N10577W 032753 =
XXCC  8103/ 99182 71058 04785 88999 77999
31313 09608 80309
51515 10190 70873
61616 NA872 WX14E POTCYCLONE   OB 42
62626 LST WND 018 MBL WND 19524 AEV 33419 DLM WND 20019 008714 WL
150 19024 093 REL 1816N10579W 030947 SPG 1823N10577W 032753 =
XXDD  8103/ 99182 71058 04785 11914 791// 22714 693//
21212 11954 10016 22923 08023 33888 09532 44797 12029 55764 12554
66714 11037
31313 09608 80309
51515 10190 70873
61616 NA872 WX14E POTCYCLONE   OB 42
62626 LST WND 018 MBL WND 19524 AEV 33419 DLM WND 20019 008714 WL
150 19024 093 REL 1816N10579W 030947 SPG 1823N10577W 032753 =
NNNN
