UZPN13 KWBC 311555
XXAA  81131 99273 71195 08479 99009 19211 ///// 00075 18608 32025
92755 27670 36005 85499 23267 34006 70153 11274 10006 50588 04177
32506 40759 157// 03005 30971 293// 06010 25098 40177 03509 20247
499// 08505 15429 649// 03507 10669 717// 35015 88113 741// 17512
77999
31313 09608 81319
61616 NA872 WX14E POTCYCLONE   OB 83
62626 LST WND 046 MBL WND 32512 AEV 33429 DLM WND 04504 003622 WL
150 32018 121 REL 2733N11953W 131919 SPG 2732N11955W 133724 =
XXBB  81138 99273 71195 08479 00009 19211 11980 17412 22974 18837
33967 25679 44955 27877 55947 27468 66909 27471 77850 23267 88743
13660 99727 13273 11616 04479 22578 03889 33502 03978 44438 13563
55425 15367 66411 15388 77384 165// 88299 295// 99268 36380 11248
40578 22247 407// 33230 427// 44189 52573 55183 54172 66151 64768
77110 743// 88100 717//
21212 00009 ///// 11003 31007 22001 32021 33999 32027 44994 31515
55988 32017 66972 32012 77956 34505 88933 34504 99896 35010 11850
34006 22602 07511 33586 11014 44538 08010 55456 21510 66436 19512
77425 17510 88366 02014 99357 03513 11341 02511 22298 06010 33259
03010 44121 15010 55117 17513 66110 18012 77104 24510 88102 33011
31313 09608 81319
61616 NA872 WX14E POTCYCLONE   OB 83
62626 LST WND 046 MBL WND 32512 AEV 33429 DLM WND 04504 003622 WL
150 32018 121 REL 2733N11953W 131919 SPG 2732N11955W 133724 =
XXCC  81137 99273 71195 08479 70885 689// 09016 88999 77999
31313 09608 81319
51515 10190 50082
61616 NA872 WX14E POTCYCLONE   OB 83
62626 LST WND 046 MBL WND 32512 AEV 33429 DLM WND 04504 003622 WL
150 32018 121 REL 2733N11953W 131919 SPG 2732N11955W 133724 =
XXDD  8113/ 99273 71195 08479 11897 725// 22622 675//
21212 11973 02015 22937 36013 33893 02021 44852 07026 55817 10516
66802 09019 77704 08516 88668 16541 99622 10023
31313 09608 81319
51515 10190 50082
61616 NA872 WX14E POTCYCLONE   OB 83
62626 LST WND 046 MBL WND 32512 AEV 33429 DLM WND 04504 003622 WL
150 32018 121 REL 2733N11953W 131919 SPG 2732N11955W 133724 =
NNNN
