UZPN13 KWBC 311429
XXAA  81121 99248 71214 08541 99009 20627 34011 00079 20021 34013
92752 24058 31503 85490 20657 02003 70141 10446 13003 50587 04165
06009 40758 14590 04022 30970 299// 01527 25097 39778 02022 20246
50373 03517 15428 65168 03516 10667 759// 10505 88106 763// 16504
77999
31313 09608 81203
61616 NA872 WX14E POTCYCLONE   OB 76
62626 MBL WND 33512 AEV 33429 DLM WND 04010 008621 WL150 34013 08
0 REL 2478N12143W 120338 SPG 2473N12148W 122234 =
XXBB  81128 99248 71214 08541 00009 20627 11957 17013 22952 17631
33944 22668 44937 23866 55928 24057 66901 23859 77850 20657 88807
18460 99798 17656 11743 13440 22686 09457 33656 06457 44640 04630
55624 03650 66621 03656 77616 04066 88599 04083 99583 03085 11574
02864 22565 02272 33550 01069 44538 00564 55485 05969 66411 17159
77405 15389 88400 14590 99340 22986 11332 235// 22277 34181 33252
39379 44236 41378 55187 53171 66148 65568 77110 753// 88102 769//
21212 00009 34011 11998 34013 22949 33511 33927 30503 44902 34001
55850 02003 66554 02512 77517 05006 88459 08515 99414 08516 11400
04022 22381 03031 33219 01019 44212 03017 55191 03018 66179 05017
77152 02516 88140 07010 99109 14510
31313 09608 81203
61616 NA872 WX14E POTCYCLONE   OB 76
62626 MBL WND 33512 AEV 33429 DLM WND 04010 008621 WL150 34013 08
0 REL 2478N12143W 120338 SPG 2473N12148W 122234 =
XXCC  81127 99248 71214 08541 70882 703// 08527 88999 77999
31313 09608 81203
51515 10190 50077
61616 NA872 WX14E POTCYCLONE   OB 76
62626 MBL WND 33512 AEV 33429 DLM WND 04010 008621 WL150 34013 08
0 REL 2478N12143W 120338 SPG 2473N12148W 122234 =
XXDD  8112/ 99248 71214 08541 11958 737// 22872 743// 33823 721//
44621 691//
21212 11973 04010 22914 10016 33870 04015 44824 10018 55778 07517
66751 06024 77699 08527 88669 10055 99621 10033
31313 09608 81203
51515 10190 50077
61616 NA872 WX14E POTCYCLONE   OB 76
62626 MBL WND 33512 AEV 33429 DLM WND 04010 008621 WL150 34013 08
0 REL 2478N12143W 120338 SPG 2473N12148W 122234 =
NNNN
