UZPN13 KWBC 311242
XXAA  81111 99242 71167 08446 99007 23816 ///// 00059 23013 34514
92739 25461 35010 85481 22058 00503 70135 10036 09009 50586 03358
07012 40758 17138 09514 30970 277// 17524 25099 37377 22024 20248
50568 20524 15430 64965 17018 10667 767// 08512 88107 771// 15012
77999
31313 09608 81120
61616 NA872 WX14E POTCYCLONE   OB 73
62626 LST WND 023 MBL WND 35013 AEV 33431 DLM WND 13005 004639 WL
150 34513 098 REL 2422N11667W 112015 SPG 2424N11670W 113815 =
XXBB  81118 99242 71167 08446 00007 23816 11953 19809 22948 20623
33942 24461 44932 25461 55894 25261 66874 23857 77850 22058 88807
19257 99797 18862 11784 17658 22729 13059 33687 08828 44650 05457
55631 03439 66624 03260 77590 02669 88567 00669 99555 00059 11534
00967 22525 01557 33507 02558 44455 07960 55382 20513 66374 21740
77368 19587 88363 191// 99335 217// 11271 32582 22267 33379 33221
44572 44133 70366 55120 749// 66110 763// 77101 769//
21212 00007 ///// 11004 04511 22003 01010 33002 35011 44999 34514
55948 35513 66939 34509 77916 35011 88904 33011 99878 29003 11850
00503 22580 07510 33560 11510 44515 06006 55457 10012 66372 10015
77366 14016 88357 16017 99349 15021 11325 17524 22287 18026 33251
22024 44240 21028 55179 20519 66167 22016 77157 18012 88136 17510
99113 11510 11110 13515 22106 15510 33100 08512
31313 09608 81120
61616 NA872 WX14E POTCYCLONE   OB 73
62626 LST WND 023 MBL WND 35013 AEV 33431 DLM WND 13005 004639 WL
150 34513 098 REL 2422N11667W 112015 SPG 2424N11670W 113815 =
XXCC  81117 99242 71167 08446 70881 693// 08036 88999 77999
31313 09608 81120
51515 10190 50078
61616 NA872 WX14E POTCYCLONE   OB 73
62626 LST WND 023 MBL WND 35013 AEV 33431 DLM WND 13005 004639 WL
150 34513 098 REL 2422N11667W 112015 SPG 2424N11670W 113815 =
XXDD  8111/ 99242 71167 08446 11883 741// 22815 707// 33639 687//
21212 11945 07519 22908 09520 33877 08019 44844 11528 55819 12520
66790 09012 77717 07525 88685 09057 99639 08535
31313 09608 81120
51515 10190 50078
61616 NA872 WX14E POTCYCLONE   OB 73
62626 LST WND 023 MBL WND 35013 AEV 33431 DLM WND 13005 004639 WL
150 34513 098 REL 2422N11667W 112015 SPG 2424N11670W 113815 =
NNNN
