UZPN13 KWBC 310525
XXAA  81041 99223 71093 08329 99002 28228 07534 00020 28029 07535
92708 22206 08044 85442 19015 08039 70094 11009 07036 50584 02320
07028 40759 12127 08035 30973 26343 10522 25102 37142 09018 20252
50340 13015 15433 66163 16515 10667 809// 08017 88104 821// 10523
77999
31313 09608 80419
61616 NA872 WX14E POTCYCLONE   OB 47
62626 MBL WND 08041 AEV 33419 DLM WND 08028 002685 WL150 08039 08
1 REL 2233N10931W 041901 SPG 2231N10944W 043653 =
XXBB  81048 99223 71093 08329 00002 28228 11915 21603 22850 19015
33771 15431 44698 10808 55673 10026 66559 02008 77520 00324 88444
07124 99385 13925 11344 19710 22316 23737 33261 34550 44241 39335
55189 53350 66133 72366 77118 785// 88110 797// 99103 823//
21212 00002 07534 11990 08042 22980 08539 33946 08045 44850 08039
55448 06525 66391 08035 77303 10522 88253 09018 99224 11511 11142
16520 22122 13507 33119 08511 44113 07518 55110 08521 66102 10520
31313 09608 80419
61616 NA872 WX14E POTCYCLONE   OB 47
62626 MBL WND 08041 AEV 33419 DLM WND 08028 002685 WL150 08039 08
1 REL 2233N10931W 041901 SPG 2231N10944W 043653 =
XXCC  81047 99223 71093 08329 70876 717// 33014 88999 77999
31313 09608 80419
51515 10190 50073
61616 NA872 WX14E POTCYCLONE   OB 47
62626 MBL WND 08041 AEV 33419 DLM WND 08028 002685 WL150 08039 08
1 REL 2233N10931W 041901 SPG 2231N10944W 043653 =
XXDD  8104/ 99223 71093 08329 11936 785// 22877 737// 33685 715//
21212 11961 05020 22870 07533 33786 12522 44759 17520 55751 19516
66746 23013 77741 28019 88734 30034 99685 01010
31313 09608 80419
51515 10190 50073
61616 NA872 WX14E POTCYCLONE   OB 47
62626 MBL WND 08041 AEV 33419 DLM WND 08028 002685 WL150 08039 08
1 REL 2233N10931W 041901 SPG 2231N10944W 043653 =
NNNN
